50 30,5 19,5 591,493530 30,0 1,000 0,0 585,0 6,493500 0,0 
50 29,5 20,5 628,320007 30,0 1,000 0,0 615,0 13,320000 0,0 
50 29,5 20,5 635,146484 30,0 1,000 0,0 615,0 20,146500 0,0 
50 29,0 21,0 636,992981 30,0 1,000 0,0 630,0 6,993000 0,0 
50 30,0 20,0 613,653015 30,0 1,000 0,0 600,0 13,653000 -0,0 
50 30,0 20,0 620,312988 30,0 1,000 0,0 600,0 20,313000 0,0 
50 30,0 20,0 626,973022 30,0 1,000 0,0 600,0 26,973000 0,0 
50 30,5 19,5 618,466492 30,0 1,000 0,0 585,0 33,466499 -0,0 
50 30,5 19,5 624,960022 30,0 1,000 0,0 585,0 39,959999 0,0 
50 30,5 19,5 631,453491 30,0 1,000 0,0 585,0 46,453499 0,0 
50 30,0 20,0 653,113525 30,0 1,000 0,0 600,0 53,113499 0,0 
50 31,5 18,5 614,273987 30,0 1,000 0,0 555,0 59,273998 -0,0 
50 31,0 19,0 635,601013 30,0 1,000 0,0 570,0 65,600998 0,0 
50 32,0 18,0 611,594971 30,0 1,000 0,0 540,0 71,595001 -0,0 
50 32,5 17,5 602,422485 30,0 1,000 0,0 525,0 77,422501 -0,0 
50 32,5 17,5 608,250000 30,0 1,000 0,0 525,0 83,250000 0,0 
50 32,0 18,0 629,244019 30,0 1,000 0,0 540,0 89,244003 0,0 
50 33,0 17,0 604,905029 30,0 1,000 0,0 510,0 94,905006 -0,0 
50 33,5 16,5 595,399536 30,0 1,000 0,0 495,0 100,399506 -0,0 
50 33,5 16,5 600,893982 30,0 1,000 0,0 495,0 105,894005 0,0 
50 33,0 17,0 621,554993 30,0 1,000 0,0 510,0 111,555008 0,0 
50 34,5 15,5 581,716492 30,0 1,000 0,0 465,0 116,716507 -0,0 
50 34,5 15,5 586,877991 30,0 1,000 0,0 465,0 121,878006 0,0 
50 34,0 16,0 607,205994 30,0 1,000 0,0 480,0 127,206009 0,0 
50 35,0 15,0 582,200989 30,0 1,000 0,0 450,0 132,201004 -0,0 
50 35,0 15,0 587,195984 30,0 1,000 0,0 450,0 137,195999 0,0 
50 35,5 14,5 577,024536 30,0 1,000 0,0 435,0 142,024506 -0,0 
50 35,5 14,5 581,853027 30,0 1,000 0,0 435,0 146,853012 0,0 
50 35,0 15,0 601,848022 30,0 1,000 0,0 450,0 151,848007 0,0 
50 36,0 14,0 576,510010 30,0 1,000 0,0 420,0 156,510010 -0,0 
50 36,5 13,5 566,005493 30,0 1,000 0,0 405,0 161,005508 -0,0 
50 36,0 14,0 585,667480 30,0 1,000 0,0 420,0 165,667511 0,0 
50 37,0 13,0 559,996521 30,0 1,000 0,0 390,0 169,996506 -0,0 
50 37,5 12,5 549,158997 30,0 1,000 0,0 375,0 174,159012 -0,0 
50 37,5 12,5 553,321533 30,0 1,000 0,0 375,0 178,321518 0,0 
50 37,5 12,5 557,484009 30,0 1,000 0,0 375,0 182,484024 0,0 
50 37,0 13,0 576,812988 30,0 1,000 0,0 390,0 186,813019 0,0 
50 38,0 12,0 550,809021 30,0 1,000 0,0 360,0 190,809021 -0,0 
50 38,5 11,5 539,638550 30,0 1,000 0,0 345,0 194,638519 -0,0 
50 38,5 11,5 543,468018 30,0 1,000 0,0 345,0 198,468018 0,0 
50 38,0 12,0 562,463989 30,0 1,000 0,0 360,0 202,464020 0,0 
50 39,0 11,0 536,127014 30,0 1,000 0,0 330,0 206,127014 -0,0 
50 39,5 10,5 524,623535 30,0 1,000 0,0 315,0 209,623520 -0,0 
50 39,5 10,5 528,119995 30,0 1,000 0,0 315,0 213,120026 0,0 
50 39,5 10,5 531,616516 30,0 1,000 0,0 315,0 216,616531 0,0 
50 39,0 11,0 550,279541 30,0 1,000 0,0 330,0 220,279526 0,0 
50 40,0 10,0 523,609497 30,0 1,000 0,0 300,0 223,609528 -0,0 
50 40,5 9,5 511,773010 30,0 1,000 0,0 285,0 226,773026 -0,0 
50 40,5 9,5 514,936523 30,0 1,000 0,0 285,0 229,936523 0,0 
50 40,0 10,0 533,266541 30,0 1,000 0,0 300,0 233,266525 0,0 
50 41,0 9,0 506,263519 30,0 1,000 0,0 270,0 236,263519 -0,0 
50 41,0 9,0 509,260498 30,0 1,000 0,0 270,0 239,260513 0,0 
50 41,5 8,5 497,091003 30,0 1,000 0,0 255,0 242,091019 -0,0 
50 41,5 8,5 499,921509 30,0 1,000 0,0 255,0 244,921524 0,0 
50 41,0 9,0 517,918518 30,0 1,000 0,0 270,0 247,918518 0,0 
50 42,0 8,0 490,582520 30,0 1,000 0,0 240,0 250,582520 -0,0 
50 42,0 8,0 493,246521 30,0 1,000 0,0 240,0 253,246521 0,0 
50 42,5 7,5 480,744019 30,0 1,000 0,0 225,0 255,744019 -0,0 
50 42,5 7,5 483,241516 30,0 1,000 0,0 225,0 258,241516 0,0 
50 42,0 8,0 500,905518 30,0 1,000 0,0 240,0 260,905518 0,0 
50 43,0 7,0 473,236511 30,0 1,000 0,0 210,0 263,236511 -0,0 
50 43,5 6,5 460,401001 30,0 1,000 0,0 195,0 265,401001 -0,0 
50 43,5 6,5 462,565491 30,0 1,000 0,0 195,0 267,565491 0,0 
50 43,5 6,5 464,729980 30,0 1,000 0,0 195,0 269,729980 0,0 
50 43,5 6,5 466,894470 30,0 1,000 0,0 195,0 271,894470 0,0 
50 43,0 7,0 484,225464 30,0 1,000 0,0 210,0 274,225464 0,0 
50 44,0 6,0 456,223450 30,0 1,000 0,0 180,0 276,223450 -0,0 
50 44,5 5,5 443,054962 30,0 1,000 0,0 165,0 278,054962 -0,0 
50 44,5 5,5 444,886475 30,0 1,000 0,0 165,0 279,886475 0,0 
50 44,5 5,5 446,717987 30,0 1,000 0,0 165,0 281,717987 0,0 
50 44,5 5,5 448,549500 30,0 1,000 0,0 165,0 283,549500 0,0 
50 44,0 6,0 465,547485 30,0 1,000 0,0 180,0 285,547485 0,0 
50 45,0 5,0 437,212494 30,0 1,000 0,0 150,0 287,212494 -0,0 
50 45,5 4,5 423,710999 30,0 1,000 0,0 135,0 288,710999 -0,0 
50 45,5 4,5 425,209503 30,0 1,000 0,0 135,0 290,209503 0,0 
50 45,5 4,5 426,708008 30,0 1,000 0,0 135,0 291,708008 0,0 
50 45,5 4,5 428,206512 30,0 1,000 0,0 135,0 293,206512 0,0 
50 45,0 5,0 444,871521 30,0 1,000 0,0 150,0 294,871521 0,0 
50 46,0 4,0 416,203522 30,0 1,000 0,0 120,0 296,203522 -0,0 
50 46,0 4,0 417,535522 30,0 1,000 0,0 120,0 297,535522 0,0 
50 46,5 3,5 403,701019 30,0 1,000 0,0 105,0 298,701019 -0,0 
50 46,5 3,5 404,866516 30,0 1,000 0,0 105,0 299,866516 0,0 
50 46,5 3,5 406,032013 30,0 1,000 0,0 105,0 301,032013 0,0 
50 46,0 4,0 422,364014 30,0 1,000 0,0 120,0 302,364014 0,0 
50 47,0 3,0 393,363007 30,0 1,000 0,0 90,0 303,363007 -0,0 
50 47,0 3,0 394,362000 30,0 1,000 0,0 90,0 304,362000 0,0 
50 47,5 2,5 380,194489 30,0 1,000 0,0 75,0 305,194489 -0,0 
50 47,5 2,5 381,026978 30,0 1,000 0,0 75,0 306,026978 0,0 
50 47,5 2,5 381,859467 30,0 1,000 0,0 75,0 306,859467 0,0 
50 47,5 2,5 382,691956 30,0 1,000 0,0 75,0 307,691956 0,0 
50 47,0 3,0 398,690948 30,0 1,000 0,0 90,0 308,690948 0,0 
50 48,0 2,0 369,356934 30,0 1,000 0,0 60,0 309,356934 -0,0 
50 48,0 2,0 370,022919 30,0 1,000 0,0 60,0 310,022919 0,0 
50 48,5 1,5 355,522430 30,0 1,000 0,0 45,0 310,522430 -0,0 
50 48,5 1,5 356,021942 30,0 1,000 0,0 45,0 311,021942 0,0 
50 48,5 1,5 356,521454 30,0 1,000 0,0 45,0 311,521454 0,0 
50 48,5 1,5 357,020966 30,0 1,000 0,0 45,0 312,020966 0,0 
50 48,0 2,0 372,686951 30,0 1,000 0,0 60,0 312,686951 0,0 
50 49,0 1,0 343,019958 30,0 1,000 0,0 30,0 313,019958 -0,0 
50 49,0 1,0 343,352966 30,0 1,000 0,0 30,0 313,352966 0,0 
50 49,0 1,0 343,685974 30,0 1,000 0,0 30,0 313,685974 0,0 
50 49,5 0,5 328,852478 30,0 1,000 0,0 15,0 313,852478 -0,0 
50 49,5 0,5 329,018982 30,0 1,000 0,0 15,0 314,018982 0,0 
50 49,5 0,5 329,185486 30,0 1,000 0,0 15,0 314,185486 0,0 
50 49,0 1,0 344,518494 30,0 1,000 0,0 30,0 314,518494 0,0 
50 50,0 0,0 314,518494 30,0 1,000 0,0 0,0 314,518494 -0,0 
50 50,0 0,0 314,518494 30,0 1,000 0,0 0,0 314,518494 0,0 
50 50,0 0,0 314,518494 30,0 1,000 0,0 0,0 314,518494 0,0 
50 50,0 0,0 314,518494 30,0 1,000 0,0 0,0 314,518494 0,0 
50 50,5 -0,5 299,351990 30,0 1,000 0,0 -15,0 314,351990 -0,0 
50 50,5 -0,5 299,185486 30,0 1,000 0,0 -15,0 314,185486 0,0 
50 50,5 -0,5 299,018982 30,0 1,000 0,0 -15,0 314,018982 0,0 
50 50,5 -0,5 298,852478 30,0 1,000 0,0 -15,0 313,852478 0,0 
50 50,0 0,0 313,852478 30,0 1,000 0,0 0,0 313,852478 0,0 
50 51,0 -1,0 283,519470 30,0 1,000 0,0 -30,0 313,519470 -0,0 
50 51,0 -1,0 283,186462 30,0 1,000 0,0 -30,0 313,186462 0,0 
50 51,0 -1,0 282,853455 30,0 1,000 0,0 -30,0 312,853455 0,0 
50 51,5 -1,5 267,353943 30,0 1,000 0,0 -45,0 312,353943 -0,0 
50 51,5 -1,5 266,854431 30,0 1,000 0,0 -45,0 311,854431 0,0 
50 51,5 -1,5 266,354919 30,0 1,000 0,0 -45,0 311,354919 0,0 
50 51,5 -1,5 265,855408 30,0 1,000 0,0 -45,0 310,855408 0,0 
50 51,5 -1,5 265,355896 30,0 1,000 0,0 -45,0 310,355896 0,0 
50 51,5 -1,5 264,856384 30,0 1,000 0,0 -45,0 309,856384 0,0 
50 51,0 -1,0 279,523376 30,0 1,000 0,0 -30,0 309,523376 0,0 
50 52,0 -2,0 248,857391 30,0 1,000 0,0 -60,0 308,857391 -0,0 
50 52,0 -2,0 248,191406 30,0 1,000 0,0 -60,0 308,191406 0,0 
50 52,5 -2,5 232,358917 30,0 1,000 0,0 -75,0 307,358917 -0,0 
50 52,5 -2,5 231,526428 30,0 1,000 0,0 -75,0 306,526428 0,0 
50 52,5 -2,5 230,693939 30,0 1,000 0,0 -75,0 305,693939 0,0 
50 52,5 -2,5 229,861450 30,0 1,000 0,0 -75,0 304,861450 0,0 
50 52,5 -2,5 229,028961 30,0 1,000 0,0 -75,0 304,028961 0,0 
50 52,0 -2,0 243,362976 30,0 1,000 0,0 -60,0 303,362976 0,0 
50 53,0 -3,0 212,363983 30,0 1,000 0,0 -90,0 302,363983 -0,0 
50 53,0 -3,0 211,364990 30,0 1,000 0,0 -90,0 301,364990 0,0 
50 53,0 -3,0 210,365997 30,0 1,000 0,0 -90,0 300,365997 0,0 
50 53,0 -3,0 209,367004 30,0 1,000 0,0 -90,0 299,367004 0,0 
50 53,5 -3,5 193,201508 30,0 1,000 0,0 -105,0 298,201508 -0,0 
50 53,5 -3,5 192,036011 30,0 1,000 0,0 -105,0 297,036011 0,0 
50 53,5 -3,5 190,870514 30,0 1,000 0,0 -105,0 295,870514 0,0 
50 53,5 -3,5 189,705017 30,0 1,000 0,0 -105,0 294,705017 0,0 
50 53,0 -3,0 203,706024 30,0 1,000 0,0 -90,0 293,706024 0,0 
50 54,0 -4,0 172,374023 30,0 1,000 0,0 -120,0 292,374023 -0,0 
50 54,0 -4,0 171,042023 30,0 1,000 0,0 -120,0 291,042023 0,0 
50 54,0 -4,0 169,710022 30,0 1,000 0,0 -120,0 289,710022 0,0 
50 54,0 -4,0 168,378021 30,0 1,000 0,0 -120,0 288,378021 0,0 
50 54,0 -4,0 167,046021 30,0 1,000 0,0 -120,0 287,046021 0,0 
50 54,5 -4,5 150,547516 30,0 1,000 0,0 -135,0 285,547516 -0,0 
50 54,5 -4,5 149,049011 30,0 1,000 0,0 -135,0 284,049011 0,0 
50 54,5 -4,5 147,550507 30,0 1,000 0,0 -135,0 282,550507 0,0 
50 54,5 -4,5 146,052002 30,0 1,000 0,0 -135,0 281,052002 0,0 
50 54,5 -4,5 144,553497 30,0 1,000 0,0 -135,0 279,553497 0,0 
50 54,5 -4,5 143,054993 30,0 1,000 0,0 -135,0 278,054993 0,0 
50 54,0 -4,0 156,722992 30,0 1,000 0,0 -120,0 276,722992 0,0 
50 55,0 -5,0 125,057983 30,0 1,000 0,0 -150,0 275,057983 -0,0 
50 55,0 -5,0 123,392975 30,0 1,000 0,0 -150,0 273,392975 0,0 
50 55,0 -5,0 121,727966 30,0 1,000 0,0 -150,0 271,727966 0,0 
50 55,0 -5,0 120,062958 30,0 1,000 0,0 -150,0 270,062958 0,0 
50 55,5 -5,5 103,231445 30,0 1,000 0,0 -165,0 268,231445 -0,0 
50 55,5 -5,5 101,399933 30,0 1,000 0,0 -165,0 266,399933 0,0 
50 55,5 -5,5 99,568420 30,0 1,000 0,0 -165,0 264,568420 0,0 
50 55,5 -5,5 97,736908 30,0 1,000 0,0 -165,0 262,736908 0,0 
50 55,5 -5,5 95,905396 30,0 1,000 0,0 -165,0 260,905396 0,0 
50 55,5 -5,5 94,073883 30,0 1,000 0,0 -165,0 259,073883 0,0 
50 55,5 -5,5 92,242371 30,0 1,000 0,0 -165,0 257,242371 0,0 
50 55,0 -5,0 105,577377 30,0 1,000 0,0 -150,0 255,577377 0,0 
50 56,0 -6,0 73,579376 30,0 1,000 0,0 -180,0 253,579376 -0,0 
50 56,0 -6,0 71,581375 30,0 1,000 0,0 -180,0 251,581375 0,0 
50 56,5 -6,5 54,416870 30,0 1,000 0,0 -195,0 249,416870 -0,0 
50 56,5 -6,5 52,252365 30,0 1,000 0,0 -195,0 247,252365 0,0 
50 56,0 -6,0 65,254364 30,0 1,000 0,0 -180,0 245,254364 0,0 
50 56,5 -6,5 48,089859 30,0 1,000 0,0 -195,0 243,089859 -0,0 
50 56,0 -6,0 61,091858 30,0 1,000 0,0 -180,0 241,091858 0,0 
50 56,0 -6,0 59,093857 30,0 1,000 0,0 -180,0 239,093857 0,0 
50 56,0 -6,0 57,095856 30,0 1,000 0,0 -180,0 237,095856 0,0 
50 56,0 -6,0 55,097855 30,0 1,000 0,0 -180,0 235,097855 0,0 
50 56,0 -6,0 53,099854 30,0 1,000 0,0 -180,0 233,099854 0,0 
50 56,5 -6,5 35,935349 30,0 1,000 0,0 -195,0 230,935349 -0,0 
50 55,0 -5,0 79,270355 30,0 1,000 0,0 -150,0 229,270355 0,0 
50 56,5 -6,5 32,105850 30,0 1,000 0,0 -195,0 227,105850 -0,0 
50 55,5 -5,5 60,274353 30,0 1,000 0,0 -165,0 225,274353 0,0 
50 55,5 -5,5 58,442856 30,0 1,000 0,0 -165,0 223,442856 0,0 
50 55,5 -5,5 56,611359 30,0 1,000 0,0 -165,0 221,611359 0,0 
50 55,5 -5,5 54,779861 30,0 1,000 0,0 -165,0 219,779861 0,0 
50 55,0 -5,0 68,114868 30,0 1,000 0,0 -150,0 218,114868 0,0 
50 55,0 -5,0 66,449875 30,0 1,000 0,0 -150,0 216,449875 0,0 
50 55,0 -5,0 64,784882 30,0 1,000 0,0 -150,0 214,784882 0,0 
50 55,0 -5,0 63,119888 30,0 1,000 0,0 -150,0 213,119888 0,0 
50 55,0 -5,0 61,454895 30,0 1,000 0,0 -150,0 211,454895 0,0 
50 55,0 -5,0 59,789902 30,0 1,000 0,0 -150,0 209,789902 0,0 
50 55,0 -5,0 58,124908 30,0 1,000 0,0 -150,0 208,124908 0,0 
50 55,0 -5,0 56,459915 30,0 1,000 0,0 -150,0 206,459915 0,0 
50 55,0 -5,0 54,794922 30,0 1,000 0,0 -150,0 204,794922 0,0 
50 55,0 -5,0 53,129929 30,0 1,000 0,0 -150,0 203,129929 0,0 
50 55,0 -5,0 51,464935 30,0 1,000 0,0 -150,0 201,464935 0,0 
50 55,5 -5,5 34,633438 30,0 1,000 0,0 -165,0 199,633438 -0,0 
50 54,5 -4,5 63,134933 30,0 1,000 0,0 -135,0 198,134933 0,0 
50 54,5 -4,5 61,636429 30,0 1,000 0,0 -135,0 196,636429 0,0 
50 54,5 -4,5 60,137924 30,0 1,000 0,0 -135,0 195,137924 0,0 
50 54,5 -4,5 58,639420 30,0 1,000 0,0 -135,0 193,639420 0,0 
50 54,5 -4,5 57,140915 30,0 1,000 0,0 -135,0 192,140915 0,0 
50 54,5 -4,5 55,642410 30,0 1,000 0,0 -135,0 190,642410 0,0 
50 54,5 -4,5 54,143906 30,0 1,000 0,0 -135,0 189,143906 0,0 
50 54,5 -4,5 52,645401 30,0 1,000 0,0 -135,0 187,645401 0,0 
50 54,5 -4,5 51,146896 30,0 1,000 0,0 -135,0 186,146896 0,0 
50 54,0 -4,0 64,814896 30,0 1,000 0,0 -120,0 184,814896 0,0 
50 54,5 -4,5 48,316391 30,0 1,000 0,0 -135,0 183,316391 -0,0 
50 54,0 -4,0 61,984390 30,0 1,000 0,0 -120,0 181,984390 0,0 
50 54,0 -4,0 60,652390 30,0 1,000 0,0 -120,0 180,652390 0,0 
50 54,0 -4,0 59,320389 30,0 1,000 0,0 -120,0 179,320389 0,0 
50 54,0 -4,0 57,988388 30,0 1,000 0,0 -120,0 177,988388 0,0 
50 54,0 -4,0 56,656387 30,0 1,000 0,0 -120,0 176,656387 0,0 
50 54,0 -4,0 55,324387 30,0 1,000 0,0 -120,0 175,324387 0,0 
50 54,0 -4,0 53,992386 30,0 1,000 0,0 -120,0 173,992386 0,0 
50 54,0 -4,0 52,660385 30,0 1,000 0,0 -120,0 172,660385 0,0 
50 54,0 -4,0 51,328384 30,0 1,000 0,0 -120,0 171,328384 0,0 
50 54,0 -4,0 49,996384 30,0 1,000 0,0 -120,0 169,996384 0,0 
50 54,0 -4,0 48,664383 30,0 1,000 0,0 -120,0 168,664383 0,0 
50 54,5 -4,5 32,165878 30,0 1,000 0,0 -135,0 167,165878 -0,0 
50 53,0 -3,0 76,166885 30,0 1,000 0,0 -90,0 166,166885 0,0 
50 54,5 -4,5 29,668381 30,0 1,000 0,0 -135,0 164,668381 -0,0 
50 53,5 -3,5 58,502884 30,0 1,000 0,0 -105,0 163,502884 0,0 
50 53,5 -3,5 57,337387 30,0 1,000 0,0 -105,0 162,337387 0,0 
50 53,5 -3,5 56,171890 30,0 1,000 0,0 -105,0 161,171890 0,0 
50 53,0 -3,0 70,172897 30,0 1,000 0,0 -90,0 160,172897 0,0 
50 53,5 -3,5 54,007401 30,0 1,000 0,0 -105,0 159,007401 -0,0 
50 53,5 -3,5 52,841904 30,0 1,000 0,0 -105,0 157,841904 0,0 
50 53,5 -3,5 51,676407 30,0 1,000 0,0 -105,0 156,676407 0,0 
50 53,5 -3,5 50,510910 30,0 1,000 0,0 -105,0 155,510910 0,0 
50 53,0 -3,0 64,511917 30,0 1,000 0,0 -90,0 154,511917 0,0 
50 53,0 -3,0 63,512924 30,0 1,000 0,0 -90,0 153,512924 0,0 
50 53,0 -3,0 62,513931 30,0 1,000 0,0 -90,0 152,513931 0,0 
50 53,0 -3,0 61,514938 30,0 1,000 0,0 -90,0 151,514938 0,0 
50 53,0 -3,0 60,515945 30,0 1,000 0,0 -90,0 150,515945 0,0 
50 53,0 -3,0 59,516953 30,0 1,000 0,0 -90,0 149,516953 0,0 
50 53,0 -3,0 58,517960 30,0 1,000 0,0 -90,0 148,517960 0,0 
50 53,0 -3,0 57,518967 30,0 1,000 0,0 -90,0 147,518967 0,0 
50 53,0 -3,0 56,519974 30,0 1,000 0,0 -90,0 146,519974 0,0 
50 53,0 -3,0 55,520981 30,0 1,000 0,0 -90,0 145,520981 0,0 
50 53,0 -3,0 54,521988 30,0 1,000 0,0 -90,0 144,521988 0,0 
50 53,0 -3,0 53,522995 30,0 1,000 0,0 -90,0 143,522995 0,0 
50 53,0 -3,0 52,524002 30,0 1,000 0,0 -90,0 142,524002 0,0 
50 53,0 -3,0 51,525009 30,0 1,000 0,0 -90,0 141,525009 0,0 
50 53,0 -3,0 50,526016 30,0 1,000 0,0 -90,0 140,526016 0,0 
50 53,0 -3,0 49,527023 30,0 1,000 0,0 -90,0 139,527023 0,0 
50 53,5 -3,5 33,361526 30,0 1,000 0,0 -105,0 138,361526 -0,0 
50 52,0 -2,0 77,695526 30,0 1,000 0,0 -60,0 137,695526 0,0 
50 53,5 -3,5 31,530029 30,0 1,000 0,0 -105,0 136,530029 -0,0 
50 52,5 -2,5 60,697525 30,0 1,000 0,0 -75,0 135,697525 0,0 
50 52,5 -2,5 59,865021 30,0 1,000 0,0 -75,0 134,865021 0,0 
50 52,5 -2,5 59,032516 30,0 1,000 0,0 -75,0 134,032516 0,0 
50 52,5 -2,5 58,200012 30,0 1,000 0,0 -75,0 133,200012 0,0 
50 52,5 -2,5 57,367508 30,0 1,000 0,0 -75,0 132,367508 0,0 
50 52,5 -2,5 56,535004 30,0 1,000 0,0 -75,0 131,535004 0,0 
50 52,5 -2,5 55,702499 30,0 1,000 0,0 -75,0 130,702499 0,0 
50 52,5 -2,5 54,869995 30,0 1,000 0,0 -75,0 129,869995 0,0 
50 52,5 -2,5 54,037491 30,0 1,000 0,0 -75,0 129,037491 0,0 
50 52,5 -2,5 53,204987 30,0 1,000 0,0 -75,0 128,204987 0,0 
50 52,5 -2,5 52,372490 30,0 1,000 0,0 -75,0 127,372490 0,0 
50 52,5 -2,5 51,539993 30,0 1,000 0,0 -75,0 126,539993 0,0 
50 52,5 -2,5 50,707497 30,0 1,000 0,0 -75,0 125,707497 0,0 
50 52,5 -2,5 49,875000 30,0 1,000 0,0 -75,0 124,875000 0,0 
50 52,5 -2,5 49,042503 30,0 1,000 0,0 -75,0 124,042503 0,0 
50 52,5 -2,5 48,210007 30,0 1,000 0,0 -75,0 123,210007 0,0 
50 52,5 -2,5 47,377510 30,0 1,000 0,0 -75,0 122,377510 0,0 
50 52,5 -2,5 46,545013 30,0 1,000 0,0 -75,0 121,545013 0,0 
50 52,0 -2,0 60,879013 30,0 1,000 0,0 -60,0 120,879013 0,0 
50 52,0 -2,0 60,213013 30,0 1,000 0,0 -60,0 120,213013 0,0 
50 52,0 -2,0 59,547012 30,0 1,000 0,0 -60,0 119,547012 0,0 
50 52,0 -2,0 58,881012 30,0 1,000 0,0 -60,0 118,881012 0,0 
50 52,0 -2,0 58,215012 30,0 1,000 0,0 -60,0 118,215012 0,0 
50 52,0 -2,0 57,549011 30,0 1,000 0,0 -60,0 117,549011 0,0 
50 52,0 -2,0 56,883011 30,0 1,000 0,0 -60,0 116,883011 0,0 
50 52,0 -2,0 56,217010 30,0 1,000 0,0 -60,0 116,217010 0,0 
50 52,0 -2,0 55,551010 30,0 1,000 0,0 -60,0 115,551010 0,0 
50 52,0 -2,0 54,885010 30,0 1,000 0,0 -60,0 114,885010 0,0 
50 52,0 -2,0 54,219009 30,0 1,000 0,0 -60,0 114,219009 0,0 
50 52,0 -2,0 53,553009 30,0 1,000 0,0 -60,0 113,553009 0,0 
50 52,0 -2,0 52,887009 30,0 1,000 0,0 -60,0 112,887009 0,0 
50 52,0 -2,0 52,221008 30,0 1,000 0,0 -60,0 112,221008 0,0 
50 52,0 -2,0 51,555008 30,0 1,000 0,0 -60,0 111,555008 0,0 
50 52,0 -2,0 50,889008 30,0 1,000 0,0 -60,0 110,889008 0,0 
50 52,0 -2,0 50,223007 30,0 1,000 0,0 -60,0 110,223007 0,0 
50 52,0 -2,0 49,557007 30,0 1,000 0,0 -60,0 109,557007 0,0 
50 52,0 -2,0 48,891006 30,0 1,000 0,0 -60,0 108,891006 0,0 
50 52,0 -2,0 48,225006 30,0 1,000 0,0 -60,0 108,225006 0,0 
50 52,0 -2,0 47,559006 30,0 1,000 0,0 -60,0 107,559006 0,0 
50 52,0 -2,0 46,893005 30,0 1,000 0,0 -60,0 106,893005 0,0 
50 52,0 -2,0 46,227005 30,0 1,000 0,0 -60,0 106,227005 0,0 
50 52,5 -2,5 30,394508 30,0 1,000 0,0 -75,0 105,394508 -0,0 
50 51,5 -1,5 59,895012 30,0 1,000 0,0 -45,0 104,895012 0,0 
50 51,5 -1,5 59,395515 30,0 1,000 0,0 -45,0 104,395515 0,0 
50 51,5 -1,5 58,896019 30,0 1,000 0,0 -45,0 103,896019 0,0 
50 51,5 -1,5 58,396523 30,0 1,000 0,0 -45,0 103,396523 0,0 
50 51,5 -1,5 57,897026 30,0 1,000 0,0 -45,0 102,897026 0,0 
50 51,5 -1,5 57,397530 30,0 1,000 0,0 -45,0 102,397530 0,0 
50 51,5 -1,5 56,898033 30,0 1,000 0,0 -45,0 101,898033 0,0 
50 51,5 -1,5 56,398537 30,0 1,000 0,0 -45,0 101,398537 0,0 
50 51,5 -1,5 55,899040 30,0 1,000 0,0 -45,0 100,899040 0,0 
50 51,5 -1,5 55,399544 30,0 1,000 0,0 -45,0 100,399544 0,0 
50 51,5 -1,5 54,900047 30,0 1,000 0,0 -45,0 99,900047 0,0 
50 51,5 -1,5 54,400551 30,0 1,000 0,0 -45,0 99,400551 0,0 
50 51,5 -1,5 53,901054 30,0 1,000 0,0 -45,0 98,901054 0,0 
50 51,5 -1,5 53,401558 30,0 1,000 0,0 -45,0 98,401558 0,0 
50 51,5 -1,5 52,902061 30,0 1,000 0,0 -45,0 97,902061 0,0 
50 51,5 -1,5 52,402565 30,0 1,000 0,0 -45,0 97,402565 0,0 
50 51,5 -1,5 51,903069 30,0 1,000 0,0 -45,0 96,903069 0,0 
50 51,5 -1,5 51,403572 30,0 1,000 0,0 -45,0 96,403572 0,0 
50 51,5 -1,5 50,904076 30,0 1,000 0,0 -45,0 95,904076 0,0 
50 51,5 -1,5 50,404579 30,0 1,000 0,0 -45,0 95,404579 0,0 
50 51,5 -1,5 49,905083 30,0 1,000 0,0 -45,0 94,905083 0,0 
50 51,5 -1,5 49,405586 30,0 1,000 0,0 -45,0 94,405586 0,0 
50 51,5 -1,5 48,906090 30,0 1,000 0,0 -45,0 93,906090 0,0 
50 51,5 -1,5 48,406593 30,0 1,000 0,0 -45,0 93,406593 0,0 
50 51,5 -1,5 47,907097 30,0 1,000 0,0 -45,0 92,907097 0,0 
50 51,5 -1,5 47,407600 30,0 1,000 0,0 -45,0 92,407600 0,0 
50 51,5 -1,5 46,908104 30,0 1,000 0,0 -45,0 91,908104 0,0 
50 51,5 -1,5 46,408607 30,0 1,000 0,0 -45,0 91,408607 0,0 
50 51,0 -1,0 61,075607 30,0 1,000 0,0 -30,0 91,075607 0,0 
50 51,0 -1,0 60,742607 30,0 1,000 0,0 -30,0 90,742607 0,0 
50 51,0 -1,0 60,409607 30,0 1,000 0,0 -30,0 90,409607 0,0 
50 51,5 -1,5 44,910110 30,0 1,000 0,0 -45,0 89,910110 -0,0 
50 51,5 -1,5 44,410614 30,0 1,000 0,0 -45,0 89,410614 0,0 
50 51,0 -1,0 59,077614 30,0 1,000 0,0 -30,0 89,077614 0,0 
50 51,0 -1,0 58,744614 30,0 1,000 0,0 -30,0 88,744614 0,0 
50 51,0 -1,0 58,411613 30,0 1,000 0,0 -30,0 88,411613 0,0 
50 51,0 -1,0 58,078613 30,0 1,000 0,0 -30,0 88,078613 0,0 
50 51,0 -1,0 57,745613 30,0 1,000 0,0 -30,0 87,745613 0,0 
50 51,0 -1,0 57,412613 30,0 1,000 0,0 -30,0 87,412613 0,0 
50 51,0 -1,0 57,079613 30,0 1,000 0,0 -30,0 87,079613 0,0 
50 51,0 -1,0 56,746613 30,0 1,000 0,0 -30,0 86,746613 0,0 
50 51,0 -1,0 56,413612 30,0 1,000 0,0 -30,0 86,413612 0,0 
50 51,5 -1,5 40,914116 30,0 1,000 0,0 -45,0 85,914116 -0,0 
50 51,0 -1,0 55,581116 30,0 1,000 0,0 -30,0 85,581116 0,0 
50 51,0 -1,0 55,248116 30,0 1,000 0,0 -30,0 85,248116 0,0 
50 51,5 -1,5 39,748619 30,0 1,000 0,0 -45,0 84,748619 -0,0 
50 51,0 -1,0 54,415619 30,0 1,000 0,0 -30,0 84,415619 0,0 
50 51,0 -1,0 54,082619 30,0 1,000 0,0 -30,0 84,082619 0,0 
50 51,0 -1,0 53,749619 30,0 1,000 0,0 -30,0 83,749619 0,0 
50 51,0 -1,0 53,416618 30,0 1,000 0,0 -30,0 83,416618 0,0 
50 51,0 -1,0 53,083618 30,0 1,000 0,0 -30,0 83,083618 0,0 
50 51,0 -1,0 52,750618 30,0 1,000 0,0 -30,0 82,750618 0,0 
50 51,0 -1,0 52,417618 30,0 1,000 0,0 -30,0 82,417618 0,0 
50 51,0 -1,0 52,084618 30,0 1,000 0,0 -30,0 82,084618 0,0 
50 51,0 -1,0 51,751617 30,0 1,000 0,0 -30,0 81,751617 0,0 
50 51,0 -1,0 51,418617 30,0 1,000 0,0 -30,0 81,418617 0,0 
50 51,0 -1,0 51,085617 30,0 1,000 0,0 -30,0 81,085617 0,0 
50 51,0 -1,0 50,752617 30,0 1,000 0,0 -30,0 80,752617 0,0 
50 51,0 -1,0 50,419617 30,0 1,000 0,0 -30,0 80,419617 0,0 
50 51,0 -1,0 50,086617 30,0 1,000 0,0 -30,0 80,086617 0,0 
50 51,0 -1,0 49,753616 30,0 1,000 0,0 -30,0 79,753616 0,0 
50 51,0 -1,0 49,420616 30,0 1,000 0,0 -30,0 79,420616 0,0 
50 51,0 -1,0 49,087616 30,0 1,000 0,0 -30,0 79,087616 0,0 
50 51,0 -1,0 48,754616 30,0 1,000 0,0 -30,0 78,754616 0,0 
50 51,0 -1,0 48,421616 30,0 1,000 0,0 -30,0 78,421616 0,0 
50 51,0 -1,0 48,088615 30,0 1,000 0,0 -30,0 78,088615 0,0 
50 51,0 -1,0 47,755615 30,0 1,000 0,0 -30,0 77,755615 0,0 
50 51,0 -1,0 47,422615 30,0 1,000 0,0 -30,0 77,422615 0,0 
50 51,0 -1,0 47,089615 30,0 1,000 0,0 -30,0 77,089615 0,0 
50 51,5 -1,5 31,590118 30,0 1,000 0,0 -45,0 76,590118 -0,0 
50 50,0 0,0 76,590118 30,0 1,000 0,0 0,0 76,590118 0,0 
50 51,5 -1,5 31,090622 30,0 1,000 0,0 -45,0 76,090622 -0,0 
50 50,5 -0,5 60,924126 30,0 1,000 0,0 -15,0 75,924126 0,0 
50 50,5 -0,5 60,757629 30,0 1,000 0,0 -15,0 75,757629 0,0 
50 50,5 -0,5 60,591133 30,0 1,000 0,0 -15,0 75,591133 0,0 
50 50,5 -0,5 60,424637 30,0 1,000 0,0 -15,0 75,424637 0,0 
50 50,0 0,0 75,424637 30,0 1,000 0,0 0,0 75,424637 0,0 
50 51,5 -1,5 29,925140 30,0 1,000 0,0 -45,0 74,925140 -0,0 
50 50,0 0,0 74,925140 30,0 1,000 0,0 0,0 74,925140 0,0 
50 51,5 -1,5 29,425644 30,0 1,000 0,0 -45,0 74,425644 -0,0 
50 50,0 0,0 74,425644 30,0 1,000 0,0 0,0 74,425644 0,0 
50 51,0 -1,0 44,092644 30,0 1,000 0,0 -30,0 74,092644 -0,0 
50 51,0 -1,0 43,759644 30,0 1,000 0,0 -30,0 73,759644 0,0 
50 51,0 -1,0 43,426643 30,0 1,000 0,0 -30,0 73,426643 0,0 
50 51,5 -1,5 27,927147 30,0 1,000 0,0 -45,0 72,927147 -0,0 
50 50,5 -0,5 57,760651 30,0 1,000 0,0 -15,0 72,760651 0,0 
50 50,5 -0,5 57,594154 30,0 1,000 0,0 -15,0 72,594154 0,0 
50 50,5 -0,5 57,427658 30,0 1,000 0,0 -15,0 72,427658 0,0 
50 50,5 -0,5 57,261162 30,0 1,000 0,0 -15,0 72,261162 0,0 
50 50,5 -0,5 57,094666 30,0 1,000 0,0 -15,0 72,094666 0,0 
50 50,5 -0,5 56,928169 30,0 1,000 0,0 -15,0 71,928169 0,0 
50 50,0 0,0 71,928169 30,0 1,000 0,0 0,0 71,928169 0,0 
50 51,5 -1,5 26,428673 30,0 1,000 0,0 -45,0 71,428673 -0,0 
50 50,0 0,0 71,428673 30,0 1,000 0,0 0,0 71,428673 0,0 
50 51,5 -1,5 25,929176 30,0 1,000 0,0 -45,0 70,929176 -0,0 
50 50,5 -0,5 55,762680 30,0 1,000 0,0 -15,0 70,762680 0,0 
50 50,5 -0,5 55,596184 30,0 1,000 0,0 -15,0 70,596184 0,0 
50 50,5 -0,5 55,429688 30,0 1,000 0,0 -15,0 70,429688 0,0 
50 50,5 -0,5 55,263191 30,0 1,000 0,0 -15,0 70,263191 0,0 
50 50,5 -0,5 55,096695 30,0 1,000 0,0 -15,0 70,096695 0,0 
50 50,5 -0,5 54,930199 30,0 1,000 0,0 -15,0 69,930199 0,0 
50 50,5 -0,5 54,763702 30,0 1,000 0,0 -15,0 69,763702 0,0 
50 50,5 -0,5 54,597206 30,0 1,000 0,0 -15,0 69,597206 0,0 
50 50,5 -0,5 54,430710 30,0 1,000 0,0 -15,0 69,430710 0,0 
50 50,5 -0,5 54,264214 30,0 1,000 0,0 -15,0 69,264214 0,0 
50 50,5 -0,5 54,097717 30,0 1,000 0,0 -15,0 69,097717 0,0 
50 50,5 -0,5 53,931221 30,0 1,000 0,0 -15,0 68,931221 0,0 
50 50,5 -0,5 53,764725 30,0 1,000 0,0 -15,0 68,764725 0,0 
50 50,5 -0,5 53,598228 30,0 1,000 0,0 -15,0 68,598228 0,0 
50 50,5 -0,5 53,431732 30,0 1,000 0,0 -15,0 68,431732 0,0 
50 50,5 -0,5 53,265236 30,0 1,000 0,0 -15,0 68,265236 0,0 
50 50,5 -0,5 53,098740 30,0 1,000 0,0 -15,0 68,098740 0,0 
50 50,5 -0,5 52,932243 30,0 1,000 0,0 -15,0 67,932243 0,0 
50 50,5 -0,5 52,765747 30,0 1,000 0,0 -15,0 67,765747 0,0 
50 50,5 -0,5 52,599251 30,0 1,000 0,0 -15,0 67,599251 0,0 
50 50,5 -0,5 52,432755 30,0 1,000 0,0 -15,0 67,432755 0,0 
50 50,5 -0,5 52,266258 30,0 1,000 0,0 -15,0 67,266258 0,0 
50 50,5 -0,5 52,099762 30,0 1,000 0,0 -15,0 67,099762 0,0 
50 50,5 -0,5 51,933266 30,0 1,000 0,0 -15,0 66,933266 0,0 
50 50,5 -0,5 51,766769 30,0 1,000 0,0 -15,0 66,766769 0,0 
50 50,5 -0,5 51,600273 30,0 1,000 0,0 -15,0 66,600273 0,0 
50 50,5 -0,5 51,433777 30,0 1,000 0,0 -15,0 66,433777 0,0 
50 50,5 -0,5 51,267281 30,0 1,000 0,0 -15,0 66,267281 0,0 
50 50,5 -0,5 51,100784 30,0 1,000 0,0 -15,0 66,100784 0,0 
50 50,5 -0,5 50,934288 30,0 1,000 0,0 -15,0 65,934288 0,0 
50 50,5 -0,5 50,767792 30,0 1,000 0,0 -15,0 65,767792 0,0 
50 50,5 -0,5 50,601295 30,0 1,000 0,0 -15,0 65,601295 0,0 
50 50,5 -0,5 50,434799 30,0 1,000 0,0 -15,0 65,434799 0,0 
50 50,5 -0,5 50,268303 30,0 1,000 0,0 -15,0 65,268303 0,0 
50 50,5 -0,5 50,101807 30,0 1,000 0,0 -15,0 65,101807 0,0 
50 50,5 -0,5 49,935310 30,0 1,000 0,0 -15,0 64,935310 0,0 
50 50,5 -0,5 49,768814 30,0 1,000 0,0 -15,0 64,768814 0,0 
50 50,5 -0,5 49,602318 30,0 1,000 0,0 -15,0 64,602318 0,0 
50 50,5 -0,5 49,435822 30,0 1,000 0,0 -15,0 64,435822 0,0 
50 50,5 -0,5 49,269325 30,0 1,000 0,0 -15,0 64,269325 0,0 
50 50,5 -0,5 49,102829 30,0 1,000 0,0 -15,0 64,102829 0,0 
50 50,5 -0,5 48,936329 30,0 1,000 0,0 -15,0 63,936329 0,0 
50 50,5 -0,5 48,769829 30,0 1,000 0,0 -15,0 63,769829 0,0 
50 50,5 -0,5 48,603329 30,0 1,000 0,0 -15,0 63,603329 0,0 
50 50,5 -0,5 48,436829 30,0 1,000 0,0 -15,0 63,436829 0,0 
50 50,5 -0,5 48,270329 30,0 1,000 0,0 -15,0 63,270329 0,0 
50 50,5 -0,5 48,103828 30,0 1,000 0,0 -15,0 63,103828 0,0 
50 50,5 -0,5 47,937328 30,0 1,000 0,0 -15,0 62,937328 0,0 
50 50,5 -0,5 47,770828 30,0 1,000 0,0 -15,0 62,770828 0,0 
50 50,0 0,0 62,770828 30,0 1,000 0,0 0,0 62,770828 0,0 
50 50,5 -0,5 47,604328 30,0 1,000 0,0 -15,0 62,604328 -0,0 
50 50,5 -0,5 47,437828 30,0 1,000 0,0 -15,0 62,437828 0,0 
50 50,0 0,0 62,437828 30,0 1,000 0,0 0,0 62,437828 0,0 
50 50,0 0,0 62,437828 30,0 1,000 0,0 0,0 62,437828 0,0 
50 50,5 -0,5 47,271328 30,0 1,000 0,0 -15,0 62,271328 -0,0 
50 50,5 -0,5 47,104828 30,0 1,000 0,0 -15,0 62,104828 0,0 
50 50,5 -0,5 46,938328 30,0 1,000 0,0 -15,0 61,938328 0,0 
50 50,5 -0,5 46,771828 30,0 1,000 0,0 -15,0 61,771828 0,0 
50 50,5 -0,5 46,605328 30,0 1,000 0,0 -15,0 61,605328 0,0 
50 50,0 0,0 61,605328 30,0 1,000 0,0 0,0 61,605328 0,0 
50 50,0 0,0 61,605328 30,0 1,000 0,0 0,0 61,605328 0,0 
50 50,5 -0,5 46,438828 30,0 1,000 0,0 -15,0 61,438828 -0,0 
50 50,5 -0,5 46,272327 30,0 1,000 0,0 -15,0 61,272327 0,0 
50 50,5 -0,5 46,105827 30,0 1,000 0,0 -15,0 61,105827 0,0 
50 50,0 0,0 61,105827 30,0 1,000 0,0 0,0 61,105827 0,0 
50 50,0 0,0 61,105827 30,0 1,000 0,0 0,0 61,105827 0,0 