30 30,0 0,0 7,992004 10,0 0,333 0,0 0,0 7,992004 0,0 
30 30,5 -0,5 2,936504 10,0 0,333 0,0 -5,0 7,936504 -0,0 
30 29,0 1,0 18,047504 10,0 0,333 0,0 10,0 8,047504 0,0 
30 30,0 0,0 8,047504 10,0 0,333 0,0 0,0 8,047504 -0,0 
30 30,0 0,0 8,047504 10,0 0,333 0,0 0,0 8,047504 0,0 
30 30,0 0,0 8,047504 10,0 0,333 0,0 0,0 8,047504 0,0 
30 30,0 0,0 8,047504 10,0 0,333 0,0 0,0 8,047504 0,0 
30 30,0 0,0 8,047504 10,0 0,333 0,0 0,0 8,047504 0,0 
30 30,5 -0,5 2,992004 10,0 0,333 0,0 -5,0 7,992004 -0,0 
30 29,0 1,0 18,103004 10,0 0,333 0,0 10,0 8,103004 0,0 
30 30,0 0,0 8,103004 10,0 0,333 0,0 0,0 8,103004 -0,0 
30 30,5 -0,5 3,047504 10,0 0,333 0,0 -5,0 8,047504 -0,0 
30 29,0 1,0 18,158504 10,0 0,333 0,0 10,0 8,158504 0,0 
30 30,0 0,0 8,158504 10,0 0,333 0,0 0,0 8,158504 -0,0 
30 30,0 0,0 8,158504 10,0 0,333 0,0 0,0 8,158504 0,0 
30 30,0 0,0 8,158504 10,0 0,333 0,0 0,0 8,158504 0,0 
30 30,0 0,0 8,158504 10,0 0,333 0,0 0,0 8,158504 0,0 
30 30,0 0,0 8,158504 10,0 0,333 0,0 0,0 8,158504 0,0 
30 30,0 0,0 8,158504 10,0 0,333 0,0 0,0 8,158504 0,0 
30 30,0 0,0 8,158504 10,0 0,333 0,0 0,0 8,158504 0,0 
30 30,0 0,0 8,158504 10,0 0,333 0,0 0,0 8,158504 0,0 
30 30,0 0,0 8,158504 10,0 0,333 0,0 0,0 8,158504 0,0 
30 30,0 0,0 8,158504 10,0 0,333 0,0 0,0 8,158504 0,0 
30 30,0 0,0 8,158504 10,0 0,333 0,0 0,0 8,158504 0,0 
30 30,0 0,0 8,158504 10,0 0,333 0,0 0,0 8,158504 0,0 
30 30,0 0,0 8,158504 10,0 0,333 0,0 0,0 8,158504 0,0 
30 30,0 0,0 8,158504 10,0 0,333 0,0 0,0 8,158504 0,0 
30 30,0 0,0 8,158504 10,0 0,333 0,0 0,0 8,158504 0,0 
30 30,0 0,0 8,158504 10,0 0,333 0,0 0,0 8,158504 0,0 
30 30,5 -0,5 -5,055500 10,0 0,333 0,0 -5,0 -0,055500 -0,0 
30 29,5 0,5 5,000000 10,0 0,333 0,0 5,0 0,000000 0,0 
50 29,5 20,5 207,275497 10,0 0,333 0,0 205,0 2,275500 0,0 
50 29,5 20,5 209,550995 10,0 0,333 0,0 205,0 4,551000 0,0 
50 29,5 20,5 211,826508 10,0 0,333 0,0 205,0 6,826500 0,0 
50 29,5 20,5 214,102005 10,0 0,333 0,0 205,0 9,102000 0,0 
50 29,0 21,0 221,432999 10,0 0,333 0,0 210,0 11,433001 0,0 
50 30,0 20,0 213,653000 10,0 0,333 0,0 200,0 13,653000 -0,0 
50 30,0 20,0 215,873001 10,0 0,333 0,0 200,0 15,873000 0,0 
50 30,5 19,5 213,037506 10,0 0,333 0,0 195,0 18,037500 -0,0 
50 30,0 20,0 220,257507 10,0 0,333 0,0 200,0 20,257500 0,0 
50 31,0 19,0 212,366501 10,0 0,333 0,0 190,0 22,366501 -0,0 
50 31,5 18,5 209,419998 10,0 0,333 0,0 185,0 24,420002 -0,0 
50 31,5 18,5 211,473495 10,0 0,333 0,0 185,0 26,473501 0,0 
50 31,0 19,0 218,582504 10,0 0,333 0,0 190,0 28,582502 0,0 
50 32,5 17,5 205,524994 10,0 0,333 0,0 175,0 30,525002 -0,0 
50 32,5 17,5 207,467499 10,0 0,333 0,0 175,0 32,467503 0,0 
50 32,5 17,5 209,410004 10,0 0,333 0,0 175,0 34,410004 0,0 
50 32,0 18,0 216,408005 10,0 0,333 0,0 180,0 36,408005 0,0 
50 33,5 16,5 203,239502 10,0 0,333 0,0 165,0 38,239502 -0,0 
50 33,5 16,5 205,070999 10,0 0,333 0,0 165,0 40,071003 0,0 
50 33,0 17,0 211,958008 10,0 0,333 0,0 170,0 41,958004 0,0 
50 34,0 16,0 203,734009 10,0 0,333 0,0 160,0 43,734005 -0,0 
50 34,5 15,5 200,454498 10,0 0,333 0,0 155,0 45,454506 -0,0 
50 34,0 16,0 207,230499 10,0 0,333 0,0 160,0 47,230507 0,0 
50 35,0 15,0 198,895508 10,0 0,333 0,0 150,0 48,895504 -0,0 
50 35,0 15,0 200,560501 10,0 0,333 0,0 150,0 50,560501 0,0 
50 35,0 15,0 202,225494 10,0 0,333 0,0 150,0 52,225502 0,0 
50 35,5 14,5 198,835007 10,0 0,333 0,0 145,0 53,835003 -0,0 
50 35,0 15,0 205,500000 10,0 0,333 0,0 150,0 55,500000 0,0 
50 36,0 14,0 197,054001 10,0 0,333 0,0 140,0 57,054001 -0,0 
50 36,5 13,5 193,552505 10,0 0,333 0,0 135,0 58,552502 -0,0 
50 36,0 14,0 200,106506 10,0 0,333 0,0 140,0 60,106503 0,0 
50 37,0 13,0 191,549500 10,0 0,333 0,0 130,0 61,549500 -0,0 
50 37,5 12,5 187,937012 10,0 0,333 0,0 125,0 62,937004 -0,0 
50 37,5 12,5 189,324509 10,0 0,333 0,0 125,0 64,324509 0,0 
50 37,0 13,0 195,767502 10,0 0,333 0,0 130,0 65,767502 0,0 
50 38,0 12,0 187,099503 10,0 0,333 0,0 120,0 67,099503 -0,0 
50 38,0 12,0 188,431503 10,0 0,333 0,0 120,0 68,431503 0,0 
50 38,5 11,5 184,708008 10,0 0,333 0,0 115,0 69,708008 -0,0 
50 38,5 11,5 185,984497 10,0 0,333 0,0 115,0 70,984505 0,0 
50 38,0 12,0 192,316498 10,0 0,333 0,0 120,0 72,316505 0,0 
50 39,0 11,0 183,537506 10,0 0,333 0,0 110,0 73,537506 -0,0 
50 39,0 11,0 184,758499 10,0 0,333 0,0 110,0 74,758499 0,0 
50 39,5 10,5 180,924011 10,0 0,333 0,0 105,0 75,924004 -0,0 
50 39,5 10,5 182,089508 10,0 0,333 0,0 105,0 77,089508 0,0 
50 39,0 11,0 188,310501 10,0 0,333 0,0 110,0 78,310501 0,0 
50 40,0 10,0 179,420502 10,0 0,333 0,0 100,0 79,420502 -0,0 
50 40,5 9,5 175,475006 10,0 0,333 0,0 95,0 80,475006 -0,0 
50 40,5 9,5 176,529510 10,0 0,333 0,0 95,0 81,529503 0,0 
50 40,0 10,0 182,639496 10,0 0,333 0,0 100,0 82,639503 0,0 
50 41,0 9,0 173,638504 10,0 0,333 0,0 90,0 83,638504 -0,0 
50 41,0 9,0 174,637497 10,0 0,333 0,0 90,0 84,637497 0,0 
50 41,5 8,5 170,580994 10,0 0,333 0,0 85,0 85,580994 -0,0 
50 41,5 8,5 171,524506 10,0 0,333 0,0 85,0 86,524498 0,0 
50 41,0 9,0 177,523499 10,0 0,333 0,0 90,0 87,523499 0,0 
50 42,0 8,0 168,411499 10,0 0,333 0,0 80,0 88,411499 -0,0 
50 42,0 8,0 169,299500 10,0 0,333 0,0 80,0 89,299500 0,0 
50 42,5 7,5 165,132004 10,0 0,333 0,0 75,0 90,132004 -0,0 
50 42,5 7,5 165,964508 10,0 0,333 0,0 75,0 90,964500 0,0 
50 42,5 7,5 166,796997 10,0 0,333 0,0 75,0 91,796997 0,0 
50 42,0 8,0 172,684998 10,0 0,333 0,0 80,0 92,684998 0,0 
50 43,0 7,0 163,462006 10,0 0,333 0,0 70,0 93,461998 -0,0 
50 43,0 7,0 164,238998 10,0 0,333 0,0 70,0 94,238998 0,0 
50 43,5 6,5 159,960495 10,0 0,333 0,0 65,0 94,960495 -0,0 
50 43,5 6,5 160,681992 10,0 0,333 0,0 65,0 95,681992 0,0 
50 43,0 7,0 166,458984 10,0 0,333 0,0 70,0 96,458984 0,0 
50 44,0 6,0 157,124985 10,0 0,333 0,0 60,0 97,124985 -0,0 
50 44,0 6,0 157,790985 10,0 0,333 0,0 60,0 97,790977 0,0 
50 44,5 5,5 153,401489 10,0 0,333 0,0 55,0 98,401482 -0,0 
50 44,5 5,5 154,011993 10,0 0,333 0,0 55,0 99,011986 0,0 
50 44,5 5,5 154,622498 10,0 0,333 0,0 55,0 99,622490 0,0 
50 44,0 6,0 160,288483 10,0 0,333 0,0 60,0 100,288483 0,0 
50 45,0 5,0 150,843491 10,0 0,333 0,0 50,0 100,843491 -0,0 
50 45,0 5,0 151,398499 10,0 0,333 0,0 50,0 101,398491 0,0 
50 45,5 4,5 146,897995 10,0 0,333 0,0 45,0 101,897995 -0,0 
50 45,5 4,5 147,397491 10,0 0,333 0,0 45,0 102,397491 0,0 
50 45,5 4,5 147,897003 10,0 0,333 0,0 45,0 102,896996 0,0 
50 45,0 5,0 153,451996 10,0 0,333 0,0 50,0 103,451996 0,0 
50 46,0 4,0 143,895996 10,0 0,333 0,0 40,0 103,895996 -0,0 
50 46,0 4,0 144,339996 10,0 0,333 0,0 40,0 104,339996 0,0 
50 46,0 4,0 144,783997 10,0 0,333 0,0 40,0 104,783997 0,0 
50 46,5 3,5 140,172501 10,0 0,333 0,0 35,0 105,172501 -0,0 
50 46,5 3,5 140,561005 10,0 0,333 0,0 35,0 105,560997 0,0 
50 46,0 4,0 146,005005 10,0 0,333 0,0 40,0 106,004997 0,0 
50 47,0 3,0 136,337997 10,0 0,333 0,0 30,0 106,337997 -0,0 
50 47,0 3,0 136,670990 10,0 0,333 0,0 30,0 106,670990 0,0 
50 47,0 3,0 137,003998 10,0 0,333 0,0 30,0 107,003990 0,0 
50 47,5 2,5 132,281494 10,0 0,333 0,0 25,0 107,281487 -0,0 
50 47,5 2,5 132,558990 10,0 0,333 0,0 25,0 107,558983 0,0 
50 47,5 2,5 132,836487 10,0 0,333 0,0 25,0 107,836479 0,0 
50 47,5 2,5 133,113983 10,0 0,333 0,0 25,0 108,113976 0,0 
50 47,0 3,0 138,446976 10,0 0,333 0,0 30,0 108,446976 0,0 
50 48,0 2,0 128,668976 10,0 0,333 0,0 20,0 108,668968 -0,0 
50 48,5 1,5 123,835472 10,0 0,333 0,0 15,0 108,835472 -0,0 
50 48,5 1,5 124,001976 10,0 0,333 0,0 15,0 109,001976 0,0 
50 48,5 1,5 124,168480 10,0 0,333 0,0 15,0 109,168480 0,0 
50 48,5 1,5 124,334984 10,0 0,333 0,0 15,0 109,334984 0,0 
50 48,0 2,0 129,556976 10,0 0,333 0,0 20,0 109,556976 0,0 
50 49,0 1,0 119,667984 10,0 0,333 0,0 10,0 109,667984 -0,0 
50 49,0 1,0 119,778984 10,0 0,333 0,0 10,0 109,778984 0,0 
50 49,0 1,0 119,889984 10,0 0,333 0,0 10,0 109,889984 0,0 
50 49,5 0,5 114,945488 10,0 0,333 0,0 5,0 109,945488 -0,0 
50 49,5 0,5 115,000992 10,0 0,333 0,0 5,0 110,000992 0,0 
50 49,5 0,5 115,056488 10,0 0,333 0,0 5,0 110,056488 0,0 
50 49,5 0,5 115,111992 10,0 0,333 0,0 5,0 110,111992 0,0 
50 49,0 1,0 120,222992 10,0 0,333 0,0 10,0 110,222992 0,0 
50 50,0 0,0 110,222992 10,0 0,333 0,0 0,0 110,222992 -0,0 
50 50,0 0,0 110,222992 10,0 0,333 0,0 0,0 110,222992 0,0 
50 50,0 0,0 110,222992 10,0 0,333 0,0 0,0 110,222992 0,0 
50 50,0 0,0 110,222992 10,0 0,333 0,0 0,0 110,222992 0,0 
50 50,5 -0,5 105,167496 10,0 0,333 0,0 -5,0 110,167496 -0,0 
50 50,5 -0,5 105,111992 10,0 0,333 0,0 -5,0 110,111992 0,0 
50 50,5 -0,5 105,056488 10,0 0,333 0,0 -5,0 110,056488 0,0 
50 50,5 -0,5 105,000992 10,0 0,333 0,0 -5,0 110,000992 0,0 
50 50,0 0,0 110,000992 10,0 0,333 0,0 0,0 110,000992 0,0 
50 51,0 -1,0 99,889984 10,0 0,333 0,0 -10,0 109,889984 -0,0 
50 51,0 -1,0 99,778984 10,0 0,333 0,0 -10,0 109,778984 0,0 
50 51,5 -1,5 94,612480 10,0 0,333 0,0 -15,0 109,612480 -0,0 
50 51,5 -1,5 94,445976 10,0 0,333 0,0 -15,0 109,445976 0,0 
50 51,5 -1,5 94,279472 10,0 0,333 0,0 -15,0 109,279472 0,0 
50 51,5 -1,5 94,112968 10,0 0,333 0,0 -15,0 109,112968 0,0 
50 51,5 -1,5 93,946465 10,0 0,333 0,0 -15,0 108,946465 0,0 
50 51,0 -1,0 98,835464 10,0 0,333 0,0 -10,0 108,835464 0,0 
50 52,0 -2,0 88,613464 10,0 0,333 0,0 -20,0 108,613464 -0,0 
50 52,0 -2,0 88,391472 10,0 0,333 0,0 -20,0 108,391472 0,0 
50 52,0 -2,0 88,169479 10,0 0,333 0,0 -20,0 108,169479 0,0 
50 52,0 -2,0 87,947479 10,0 0,333 0,0 -20,0 107,947479 0,0 
50 52,0 -2,0 87,725487 10,0 0,333 0,0 -20,0 107,725487 0,0 
50 52,5 -2,5 82,447990 10,0 0,333 0,0 -25,0 107,447990 -0,0 
50 52,5 -2,5 82,170494 10,0 0,333 0,0 -25,0 107,170494 0,0 
50 52,5 -2,5 81,892998 10,0 0,333 0,0 -25,0 106,892998 0,0 
50 52,5 -2,5 81,615501 10,0 0,333 0,0 -25,0 106,615501 0,0 
50 52,5 -2,5 81,338005 10,0 0,333 0,0 -25,0 106,338005 0,0 
50 52,5 -2,5 81,060509 10,0 0,333 0,0 -25,0 106,060509 0,0 
50 52,5 -2,5 80,783012 10,0 0,333 0,0 -25,0 105,783012 0,0 
50 52,5 -2,5 80,505516 10,0 0,333 0,0 -25,0 105,505516 0,0 
50 52,0 -2,0 85,283524 10,0 0,333 0,0 -20,0 105,283524 0,0 
50 53,0 -3,0 74,950523 10,0 0,333 0,0 -30,0 104,950523 -0,0 
50 53,5 -3,5 69,562027 10,0 0,333 0,0 -35,0 104,562027 -0,0 
50 52,0 -2,0 84,340027 10,0 0,333 0,0 -20,0 104,340027 0,0 
50 53,0 -3,0 74,007034 10,0 0,333 0,0 -30,0 104,007034 -0,0 
50 53,0 -3,0 73,674034 10,0 0,333 0,0 -30,0 103,674034 0,0 
50 53,0 -3,0 73,341034 10,0 0,333 0,0 -30,0 103,341034 0,0 
50 53,0 -3,0 73,008041 10,0 0,333 0,0 -30,0 103,008041 0,0 
50 53,0 -3,0 72,675041 10,0 0,333 0,0 -30,0 102,675041 0,0 
50 53,0 -3,0 72,342041 10,0 0,333 0,0 -30,0 102,342041 0,0 
50 53,0 -3,0 72,009048 10,0 0,333 0,0 -30,0 102,009048 0,0 
50 53,0 -3,0 71,676048 10,0 0,333 0,0 -30,0 101,676048 0,0 
50 53,0 -3,0 71,343048 10,0 0,333 0,0 -30,0 101,343048 0,0 
50 53,0 -3,0 71,010056 10,0 0,333 0,0 -30,0 101,010056 0,0 
50 53,5 -3,5 65,621552 10,0 0,333 0,0 -35,0 100,621552 -0,0 
50 53,0 -3,0 70,288559 10,0 0,333 0,0 -30,0 100,288559 0,0 
50 53,0 -3,0 69,955559 10,0 0,333 0,0 -30,0 99,955559 0,0 
50 53,0 -3,0 69,622559 10,0 0,333 0,0 -30,0 99,622559 0,0 
50 53,0 -3,0 69,289566 10,0 0,333 0,0 -30,0 99,289566 0,0 
50 53,0 -3,0 68,956566 10,0 0,333 0,0 -30,0 98,956566 0,0 
50 53,0 -3,0 68,623566 10,0 0,333 0,0 -30,0 98,623566 0,0 
50 53,0 -3,0 68,290573 10,0 0,333 0,0 -30,0 98,290573 0,0 
50 53,5 -3,5 62,902069 10,0 0,333 0,0 -35,0 97,902069 -0,0 
50 53,0 -3,0 67,569077 10,0 0,333 0,0 -30,0 97,569077 0,0 
50 53,0 -3,0 67,236076 10,0 0,333 0,0 -30,0 97,236076 0,0 
50 53,0 -3,0 66,903076 10,0 0,333 0,0 -30,0 96,903076 0,0 
50 53,0 -3,0 66,570084 10,0 0,333 0,0 -30,0 96,570084 0,0 
50 53,0 -3,0 66,237083 10,0 0,333 0,0 -30,0 96,237083 0,0 
50 53,0 -3,0 65,904083 10,0 0,333 0,0 -30,0 95,904083 0,0 
50 53,0 -3,0 65,571091 10,0 0,333 0,0 -30,0 95,571091 0,0 
50 53,5 -3,5 60,182587 10,0 0,333 0,0 -35,0 95,182587 -0,0 
50 53,5 -3,5 59,794090 10,0 0,333 0,0 -35,0 94,794090 0,0 
50 53,0 -3,0 64,461090 10,0 0,333 0,0 -30,0 94,461090 0,0 
50 53,0 -3,0 64,128098 10,0 0,333 0,0 -30,0 94,128098 0,0 
50 53,0 -3,0 63,795097 10,0 0,333 0,0 -30,0 93,795097 0,0 
50 53,0 -3,0 63,462097 10,0 0,333 0,0 -30,0 93,462097 0,0 
50 53,0 -3,0 63,129105 10,0 0,333 0,0 -30,0 93,129105 0,0 
50 53,0 -3,0 62,796104 10,0 0,333 0,0 -30,0 92,796104 0,0 
50 53,0 -3,0 62,463104 10,0 0,333 0,0 -30,0 92,463104 0,0 
50 53,0 -3,0 62,130112 10,0 0,333 0,0 -30,0 92,130112 0,0 
50 53,0 -3,0 61,797112 10,0 0,333 0,0 -30,0 91,797112 0,0 
50 53,0 -3,0 61,464111 10,0 0,333 0,0 -30,0 91,464111 0,0 
50 53,0 -3,0 61,131119 10,0 0,333 0,0 -30,0 91,131119 0,0 
50 53,0 -3,0 60,798119 10,0 0,333 0,0 -30,0 90,798119 0,0 
50 53,0 -3,0 60,465118 10,0 0,333 0,0 -30,0 90,465118 0,0 
50 53,0 -3,0 60,132126 10,0 0,333 0,0 -30,0 90,132126 0,0 
50 53,0 -3,0 59,799126 10,0 0,333 0,0 -30,0 89,799126 0,0 
50 53,0 -3,0 59,466125 10,0 0,333 0,0 -30,0 89,466125 0,0 
50 53,0 -3,0 59,133133 10,0 0,333 0,0 -30,0 89,133133 0,0 
50 53,0 -3,0 58,800133 10,0 0,333 0,0 -30,0 88,800133 0,0 
50 53,0 -3,0 58,467133 10,0 0,333 0,0 -30,0 88,467133 0,0 
50 53,0 -3,0 58,134140 10,0 0,333 0,0 -30,0 88,134140 0,0 
50 53,0 -3,0 57,801140 10,0 0,333 0,0 -30,0 87,801140 0,0 
50 53,0 -3,0 57,468140 10,0 0,333 0,0 -30,0 87,468140 0,0 
50 53,0 -3,0 57,135147 10,0 0,333 0,0 -30,0 87,135147 0,0 
50 53,5 -3,5 51,746643 10,0 0,333 0,0 -35,0 86,746643 -0,0 
50 52,5 -2,5 61,469147 10,0 0,333 0,0 -25,0 86,469147 0,0 
50 52,5 -2,5 61,191650 10,0 0,333 0,0 -25,0 86,191650 0,0 
50 52,5 -2,5 60,914154 10,0 0,333 0,0 -25,0 85,914154 0,0 
50 52,5 -2,5 60,636658 10,0 0,333 0,0 -25,0 85,636658 0,0 
50 52,5 -2,5 60,359161 10,0 0,333 0,0 -25,0 85,359161 0,0 
50 52,5 -2,5 60,081665 10,0 0,333 0,0 -25,0 85,081665 0,0 
50 52,5 -2,5 59,804161 10,0 0,333 0,0 -25,0 84,804161 0,0 
50 52,5 -2,5 59,526657 10,0 0,333 0,0 -25,0 84,526657 0,0 
50 52,5 -2,5 59,249161 10,0 0,333 0,0 -25,0 84,249161 0,0 
50 52,5 -2,5 58,971657 10,0 0,333 0,0 -25,0 83,971657 0,0 
50 52,5 -2,5 58,694153 10,0 0,333 0,0 -25,0 83,694153 0,0 
50 52,5 -2,5 58,416656 10,0 0,333 0,0 -25,0 83,416656 0,0 
50 52,5 -2,5 58,139153 10,0 0,333 0,0 -25,0 83,139153 0,0 
50 52,5 -2,5 57,861649 10,0 0,333 0,0 -25,0 82,861649 0,0 
50 52,5 -2,5 57,584152 10,0 0,333 0,0 -25,0 82,584152 0,0 
50 52,5 -2,5 57,306648 10,0 0,333 0,0 -25,0 82,306648 0,0 
50 52,5 -2,5 57,029144 10,0 0,333 0,0 -25,0 82,029144 0,0 
50 52,5 -2,5 56,751648 10,0 0,333 0,0 -25,0 81,751648 0,0 
50 52,5 -2,5 56,474144 10,0 0,333 0,0 -25,0 81,474144 0,0 
50 52,5 -2,5 56,196640 10,0 0,333 0,0 -25,0 81,196640 0,0 
50 52,5 -2,5 55,919144 10,0 0,333 0,0 -25,0 80,919144 0,0 
50 52,5 -2,5 55,641640 10,0 0,333 0,0 -25,0 80,641640 0,0 
50 52,0 -2,0 60,419640 10,0 0,333 0,0 -20,0 80,419640 0,0 
50 52,0 -2,0 60,197639 10,0 0,333 0,0 -20,0 80,197639 0,0 
50 52,0 -2,0 59,975639 10,0 0,333 0,0 -20,0 79,975639 0,0 
50 52,0 -2,0 59,753639 10,0 0,333 0,0 -20,0 79,753639 0,0 
50 52,5 -2,5 54,476135 10,0 0,333 0,0 -25,0 79,476135 -0,0 
50 52,0 -2,0 59,254135 10,0 0,333 0,0 -20,0 79,254135 0,0 
50 52,0 -2,0 59,032135 10,0 0,333 0,0 -20,0 79,032135 0,0 
50 52,0 -2,0 58,810135 10,0 0,333 0,0 -20,0 78,810135 0,0 
50 52,0 -2,0 58,588135 10,0 0,333 0,0 -20,0 78,588135 0,0 
50 52,0 -2,0 58,366135 10,0 0,333 0,0 -20,0 78,366135 0,0 
50 52,0 -2,0 58,144135 10,0 0,333 0,0 -20,0 78,144135 0,0 
50 52,0 -2,0 57,922134 10,0 0,333 0,0 -20,0 77,922134 0,0 
50 52,0 -2,0 57,700134 10,0 0,333 0,0 -20,0 77,700134 0,0 
50 52,0 -2,0 57,478134 10,0 0,333 0,0 -20,0 77,478134 0,0 
50 52,0 -2,0 57,256134 10,0 0,333 0,0 -20,0 77,256134 0,0 
50 52,0 -2,0 57,034134 10,0 0,333 0,0 -20,0 77,034134 0,0 
50 52,0 -2,0 56,812134 10,0 0,333 0,0 -20,0 76,812134 0,0 
50 52,0 -2,0 56,590134 10,0 0,333 0,0 -20,0 76,590134 0,0 
50 52,0 -2,0 56,368134 10,0 0,333 0,0 -20,0 76,368134 0,0 
50 52,0 -2,0 56,146133 10,0 0,333 0,0 -20,0 76,146133 0,0 
50 52,0 -2,0 55,924133 10,0 0,333 0,0 -20,0 75,924133 0,0 
50 52,0 -2,0 55,702133 10,0 0,333 0,0 -20,0 75,702133 0,0 
50 52,0 -2,0 55,480133 10,0 0,333 0,0 -20,0 75,480133 0,0 
50 52,0 -2,0 55,258133 10,0 0,333 0,0 -20,0 75,258133 0,0 
50 52,0 -2,0 55,036133 10,0 0,333 0,0 -20,0 75,036133 0,0 
50 52,0 -2,0 54,814133 10,0 0,333 0,0 -20,0 74,814133 0,0 
50 52,0 -2,0 54,592133 10,0 0,333 0,0 -20,0 74,592133 0,0 
50 52,0 -2,0 54,370132 10,0 0,333 0,0 -20,0 74,370132 0,0 
50 52,5 -2,5 49,092636 10,0 0,333 0,0 -25,0 74,092636 -0,0 
50 51,0 -1,0 63,981636 10,0 0,333 0,0 -10,0 73,981636 0,0 
50 52,5 -2,5 48,704132 10,0 0,333 0,0 -25,0 73,704132 -0,0 
50 51,0 -1,0 63,593140 10,0 0,333 0,0 -10,0 73,593140 0,0 
50 52,5 -2,5 48,315636 10,0 0,333 0,0 -25,0 73,315636 -0,0 
50 51,0 -1,0 63,204636 10,0 0,333 0,0 -10,0 73,204636 0,0 
50 52,5 -2,5 47,927139 10,0 0,333 0,0 -25,0 72,927139 -0,0 
50 51,5 -1,5 57,760635 10,0 0,333 0,0 -15,0 72,760635 0,0 
50 51,5 -1,5 57,594139 10,0 0,333 0,0 -15,0 72,594139 0,0 
50 51,5 -1,5 57,427643 10,0 0,333 0,0 -15,0 72,427643 0,0 
50 51,5 -1,5 57,261139 10,0 0,333 0,0 -15,0 72,261139 0,0 
50 51,5 -1,5 57,094643 10,0 0,333 0,0 -15,0 72,094643 0,0 
50 51,5 -1,5 56,928146 10,0 0,333 0,0 -15,0 71,928146 0,0 
50 51,5 -1,5 56,761642 10,0 0,333 0,0 -15,0 71,761642 0,0 
50 51,5 -1,5 56,595146 10,0 0,333 0,0 -15,0 71,595146 0,0 
50 51,5 -1,5 56,428650 10,0 0,333 0,0 -15,0 71,428650 0,0 
50 51,5 -1,5 56,262146 10,0 0,333 0,0 -15,0 71,262146 0,0 
50 51,5 -1,5 56,095650 10,0 0,333 0,0 -15,0 71,095650 0,0 
50 51,5 -1,5 55,929153 10,0 0,333 0,0 -15,0 70,929153 0,0 
50 51,5 -1,5 55,762650 10,0 0,333 0,0 -15,0 70,762650 0,0 
50 51,5 -1,5 55,596153 10,0 0,333 0,0 -15,0 70,596153 0,0 
50 51,5 -1,5 55,429657 10,0 0,333 0,0 -15,0 70,429657 0,0 
50 51,5 -1,5 55,263153 10,0 0,333 0,0 -15,0 70,263153 0,0 
50 51,5 -1,5 55,096657 10,0 0,333 0,0 -15,0 70,096657 0,0 
50 51,5 -1,5 54,930161 10,0 0,333 0,0 -15,0 69,930161 0,0 
50 51,5 -1,5 54,763657 10,0 0,333 0,0 -15,0 69,763657 0,0 
50 51,5 -1,5 54,597160 10,0 0,333 0,0 -15,0 69,597160 0,0 
50 51,5 -1,5 54,430664 10,0 0,333 0,0 -15,0 69,430664 0,0 
50 51,5 -1,5 54,264160 10,0 0,333 0,0 -15,0 69,264160 0,0 
50 51,5 -1,5 54,097664 10,0 0,333 0,0 -15,0 69,097664 0,0 
50 51,5 -1,5 53,931168 10,0 0,333 0,0 -15,0 68,931168 0,0 
50 51,5 -1,5 53,764664 10,0 0,333 0,0 -15,0 68,764664 0,0 
50 51,5 -1,5 53,598167 10,0 0,333 0,0 -15,0 68,598167 0,0 
50 51,5 -1,5 53,431671 10,0 0,333 0,0 -15,0 68,431671 0,0 
50 51,0 -1,0 58,320671 10,0 0,333 0,0 -10,0 68,320671 0,0 
50 51,0 -1,0 58,209671 10,0 0,333 0,0 -10,0 68,209671 0,0 
50 51,0 -1,0 58,098679 10,0 0,333 0,0 -10,0 68,098679 0,0 
50 51,0 -1,0 57,987679 10,0 0,333 0,0 -10,0 67,987679 0,0 
50 51,0 -1,0 57,876678 10,0 0,333 0,0 -10,0 67,876678 0,0 
50 51,0 -1,0 57,765686 10,0 0,333 0,0 -10,0 67,765686 0,0 
50 51,0 -1,0 57,654686 10,0 0,333 0,0 -10,0 67,654686 0,0 
50 51,0 -1,0 57,543686 10,0 0,333 0,0 -10,0 67,543686 0,0 
50 51,0 -1,0 57,432693 10,0 0,333 0,0 -10,0 67,432693 0,0 
50 51,0 -1,0 57,321693 10,0 0,333 0,0 -10,0 67,321693 0,0 
50 51,0 -1,0 57,210693 10,0 0,333 0,0 -10,0 67,210693 0,0 
50 51,0 -1,0 57,099701 10,0 0,333 0,0 -10,0 67,099701 0,0 
50 51,0 -1,0 56,988701 10,0 0,333 0,0 -10,0 66,988701 0,0 
50 51,0 -1,0 56,877701 10,0 0,333 0,0 -10,0 66,877701 0,0 
50 51,0 -1,0 56,766708 10,0 0,333 0,0 -10,0 66,766708 0,0 
50 51,0 -1,0 56,655708 10,0 0,333 0,0 -10,0 66,655708 0,0 
50 51,0 -1,0 56,544708 10,0 0,333 0,0 -10,0 66,544708 0,0 
50 51,0 -1,0 56,433716 10,0 0,333 0,0 -10,0 66,433716 0,0 
50 51,0 -1,0 56,322716 10,0 0,333 0,0 -10,0 66,322716 0,0 
50 51,0 -1,0 56,211716 10,0 0,333 0,0 -10,0 66,211716 0,0 
50 51,0 -1,0 56,100723 10,0 0,333 0,0 -10,0 66,100723 0,0 
50 51,0 -1,0 55,989723 10,0 0,333 0,0 -10,0 65,989723 0,0 
50 51,0 -1,0 55,878723 10,0 0,333 0,0 -10,0 65,878723 0,0 
50 51,0 -1,0 55,767731 10,0 0,333 0,0 -10,0 65,767731 0,0 
50 51,0 -1,0 55,656731 10,0 0,333 0,0 -10,0 65,656731 0,0 
50 51,0 -1,0 55,545731 10,0 0,333 0,0 -10,0 65,545731 0,0 
50 51,0 -1,0 55,434738 10,0 0,333 0,0 -10,0 65,434738 0,0 
50 51,0 -1,0 55,323738 10,0 0,333 0,0 -10,0 65,323738 0,0 
50 51,0 -1,0 55,212738 10,0 0,333 0,0 -10,0 65,212738 0,0 
50 51,0 -1,0 55,101746 10,0 0,333 0,0 -10,0 65,101746 0,0 
50 51,0 -1,0 54,990746 10,0 0,333 0,0 -10,0 64,990746 0,0 
50 51,5 -1,5 49,824249 10,0 0,333 0,0 -15,0 64,824249 -0,0 
50 50,0 0,0 64,824249 10,0 0,333 0,0 0,0 64,824249 0,0 
50 51,0 -1,0 54,713249 10,0 0,333 0,0 -10,0 64,713249 -0,0 
50 51,0 -1,0 54,602249 10,0 0,333 0,0 -10,0 64,602249 0,0 
50 51,5 -1,5 49,435753 10,0 0,333 0,0 -15,0 64,435753 -0,0 
50 50,5 -0,5 59,380249 10,0 0,333 0,0 -5,0 64,380249 0,0 
50 50,0 0,0 64,380249 10,0 0,333 0,0 0,0 64,380249 0,0 
50 51,5 -1,5 49,213753 10,0 0,333 0,0 -15,0 64,213753 -0,0 
50 50,0 0,0 64,213753 10,0 0,333 0,0 0,0 64,213753 0,0 
50 51,0 -1,0 54,102753 10,0 0,333 0,0 -10,0 64,102753 -0,0 
50 51,5 -1,5 48,936256 10,0 0,333 0,0 -15,0 63,936256 -0,0 
50 50,0 0,0 63,936256 10,0 0,333 0,0 0,0 63,936256 0,0 
50 51,5 -1,5 48,769756 10,0 0,333 0,0 -15,0 63,769756 -0,0 
50 50,0 0,0 63,769756 10,0 0,333 0,0 0,0 63,769756 0,0 
50 51,0 -1,0 53,658760 10,0 0,333 0,0 -10,0 63,658760 -0,0 
50 51,0 -1,0 53,547760 10,0 0,333 0,0 -10,0 63,547760 0,0 
50 51,0 -1,0 53,436764 10,0 0,333 0,0 -10,0 63,436764 0,0 
50 51,0 -1,0 53,325768 10,0 0,333 0,0 -10,0 63,325768 0,0 
50 51,5 -1,5 48,159267 10,0 0,333 0,0 -15,0 63,159267 -0,0 
50 50,5 -0,5 58,103767 10,0 0,333 0,0 -5,0 63,103767 0,0 
50 50,5 -0,5 58,048264 10,0 0,333 0,0 -5,0 63,048264 0,0 
50 50,5 -0,5 57,992764 10,0 0,333 0,0 -5,0 62,992764 0,0 
50 50,5 -0,5 57,937263 10,0 0,333 0,0 -5,0 62,937263 0,0 
50 50,5 -0,5 57,881760 10,0 0,333 0,0 -5,0 62,881760 0,0 
50 50,5 -0,5 57,826260 10,0 0,333 0,0 -5,0 62,826260 0,0 
50 50,0 0,0 62,826260 10,0 0,333 0,0 0,0 62,826260 0,0 
50 51,5 -1,5 47,659760 10,0 0,333 0,0 -15,0 62,659760 -0,0 
50 50,5 -0,5 57,604259 10,0 0,333 0,0 -5,0 62,604259 0,0 
50 50,5 -0,5 57,548759 10,0 0,333 0,0 -5,0 62,548759 0,0 
50 50,5 -0,5 57,493256 10,0 0,333 0,0 -5,0 62,493256 0,0 
50 50,5 -0,5 57,437756 10,0 0,333 0,0 -5,0 62,437756 0,0 
50 50,5 -0,5 57,382256 10,0 0,333 0,0 -5,0 62,382256 0,0 
50 50,5 -0,5 57,326752 10,0 0,333 0,0 -5,0 62,326752 0,0 
50 50,5 -0,5 57,271252 10,0 0,333 0,0 -5,0 62,271252 0,0 
50 50,5 -0,5 57,215752 10,0 0,333 0,0 -5,0 62,215752 0,0 
50 50,5 -0,5 57,160248 10,0 0,333 0,0 -5,0 62,160248 0,0 
50 50,5 -0,5 57,104748 10,0 0,333 0,0 -5,0 62,104748 0,0 
50 50,5 -0,5 57,049248 10,0 0,333 0,0 -5,0 62,049248 0,0 
50 50,5 -0,5 56,993744 10,0 0,333 0,0 -5,0 61,993744 0,0 
50 50,5 -0,5 56,938244 10,0 0,333 0,0 -5,0 61,938244 0,0 
50 50,5 -0,5 56,882744 10,0 0,333 0,0 -5,0 61,882744 0,0 
50 50,5 -0,5 56,827240 10,0 0,333 0,0 -5,0 61,827240 0,0 
50 50,0 0,0 61,827240 10,0 0,333 0,0 0,0 61,827240 0,0 
50 51,5 -1,5 46,660744 10,0 0,333 0,0 -15,0 61,660744 -0,0 
50 50,5 -0,5 56,605240 10,0 0,333 0,0 -5,0 61,605240 0,0 
50 50,0 0,0 61,605240 10,0 0,333 0,0 0,0 61,605240 0,0 
50 51,5 -1,5 46,438744 10,0 0,333 0,0 -15,0 61,438744 -0,0 
50 50,5 -0,5 56,383240 10,0 0,333 0,0 -5,0 61,383240 0,0 
50 50,5 -0,5 56,327740 10,0 0,333 0,0 -5,0 61,327740 0,0 
50 50,5 -0,5 56,272240 10,0 0,333 0,0 -5,0 61,272240 0,0 
50 50,5 -0,5 56,216736 10,0 0,333 0,0 -5,0 61,216736 0,0 
50 50,5 -0,5 56,161236 10,0 0,333 0,0 -5,0 61,161236 0,0 
50 50,5 -0,5 56,105736 10,0 0,333 0,0 -5,0 61,105736 0,0 
50 50,5 -0,5 56,050232 10,0 0,333 0,0 -5,0 61,050232 0,0 
50 50,0 0,0 61,050232 10,0 0,333 0,0 0,0 61,050232 0,0 
50 51,5 -1,5 45,883736 10,0 0,333 0,0 -15,0 60,883736 -0,0 
50 50,0 0,0 60,883736 10,0 0,333 0,0 0,0 60,883736 0,0 
50 51,5 -1,5 45,717236 10,0 0,333 0,0 -15,0 60,717236 -0,0 
50 50,5 -0,5 55,661736 10,0 0,333 0,0 -5,0 60,661736 0,0 
50 50,5 -0,5 55,606232 10,0 0,333 0,0 -5,0 60,606232 0,0 
50 50,5 -0,5 55,550732 10,0 0,333 0,0 -5,0 60,550732 0,0 
50 50,5 -0,5 55,495232 10,0 0,333 0,0 -5,0 60,495232 0,0 
50 50,0 0,0 60,495232 10,0 0,333 0,0 0,0 60,495232 0,0 
50 51,5 -1,5 45,328732 10,0 0,333 0,0 -15,0 60,328732 -0,0 
50 50,0 0,0 60,328732 10,0 0,333 0,0 0,0 60,328732 0,0 
50 51,5 -1,5 45,162231 10,0 0,333 0,0 -15,0 60,162231 -0,0 
50 50,5 -0,5 55,106731 10,0 0,333 0,0 -5,0 60,106731 0,0 
50 50,5 -0,5 55,051231 10,0 0,333 0,0 -5,0 60,051231 0,0 
50 50,5 -0,5 54,995728 10,0 0,333 0,0 -5,0 59,995728 0,0 
50 50,5 -0,5 54,940228 10,0 0,333 0,0 -5,0 59,940228 0,0 
50 50,5 -0,5 54,884727 10,0 0,333 0,0 -5,0 59,884727 0,0 
50 50,5 -0,5 54,829224 10,0 0,333 0,0 -5,0 59,829224 0,0 
50 50,5 -0,5 54,773724 10,0 0,333 0,0 -5,0 59,773724 0,0 
50 50,5 -0,5 54,718224 10,0 0,333 0,0 -5,0 59,718224 0,0 
50 50,5 -0,5 54,662720 10,0 0,333 0,0 -5,0 59,662720 0,0 
50 50,5 -0,5 54,607220 10,0 0,333 0,0 -5,0 59,607220 0,0 
50 50,5 -0,5 54,551720 10,0 0,333 0,0 -5,0 59,551720 0,0 
50 50,5 -0,5 54,496216 10,0 0,333 0,0 -5,0 59,496216 0,0 
50 50,5 -0,5 54,440716 10,0 0,333 0,0 -5,0 59,440716 0,0 
50 50,0 0,0 59,440716 10,0 0,333 0,0 0,0 59,440716 0,0 
50 51,5 -1,5 44,274216 10,0 0,333 0,0 -15,0 59,274216 -0,0 
50 50,5 -0,5 54,218716 10,0 0,333 0,0 -5,0 59,218716 0,0 
50 50,5 -0,5 54,163216 10,0 0,333 0,0 -5,0 59,163216 0,0 
50 50,5 -0,5 54,107712 10,0 0,333 0,0 -5,0 59,107712 0,0 
50 50,5 -0,5 54,052212 10,0 0,333 0,0 -5,0 59,052212 0,0 
50 50,5 -0,5 53,996712 10,0 0,333 0,0 -5,0 58,996712 0,0 
50 50,5 -0,5 53,941208 10,0 0,333 0,0 -5,0 58,941208 0,0 
50 50,5 -0,5 53,885708 10,0 0,333 0,0 -5,0 58,885708 0,0 
50 50,5 -0,5 53,830208 10,0 0,333 0,0 -5,0 58,830208 0,0 
50 50,5 -0,5 53,774704 10,0 0,333 0,0 -5,0 58,774704 0,0 
50 50,5 -0,5 53,719204 10,0 0,333 0,0 -5,0 58,719204 0,0 
50 50,5 -0,5 53,663704 10,0 0,333 0,0 -5,0 58,663704 0,0 
50 50,5 -0,5 53,608200 10,0 0,333 0,0 -5,0 58,608200 0,0 
50 50,5 -0,5 53,552700 10,0 0,333 0,0 -5,0 58,552700 0,0 
50 50,5 -0,5 53,497200 10,0 0,333 0,0 -5,0 58,497200 0,0 
50 50,5 -0,5 53,441696 10,0 0,333 0,0 -5,0 58,441696 0,0 
50 50,5 -0,5 53,386196 10,0 0,333 0,0 -5,0 58,386196 0,0 
50 50,5 -0,5 53,330696 10,0 0,333 0,0 -5,0 58,330696 0,0 
50 50,5 -0,5 53,275192 10,0 0,333 0,0 -5,0 58,275192 0,0 
50 50,5 -0,5 53,219692 10,0 0,333 0,0 -5,0 58,219692 0,0 
50 50,5 -0,5 53,164192 10,0 0,333 0,0 -5,0 58,164192 0,0 
50 50,5 -0,5 53,108688 10,0 0,333 0,0 -5,0 58,108688 0,0 
50 50,5 -0,5 53,053188 10,0 0,333 0,0 -5,0 58,053188 0,0 
50 50,5 -0,5 52,997688 10,0 0,333 0,0 -5,0 57,997688 0,0 
50 50,5 -0,5 52,942184 10,0 0,333 0,0 -5,0 57,942184 0,0 
50 50,5 -0,5 52,886684 10,0 0,333 0,0 -5,0 57,886684 0,0 
50 50,5 -0,5 52,831184 10,0 0,333 0,0 -5,0 57,831184 0,0 
50 50,5 -0,5 52,775681 10,0 0,333 0,0 -5,0 57,775681 0,0 
50 50,5 -0,5 52,720181 10,0 0,333 0,0 -5,0 57,720181 0,0 
50 50,5 -0,5 52,664680 10,0 0,333 0,0 -5,0 57,664680 0,0 
50 50,5 -0,5 52,609177 10,0 0,333 0,0 -5,0 57,609177 0,0 
50 50,5 -0,5 52,553677 10,0 0,333 0,0 -5,0 57,553677 0,0 
50 50,5 -0,5 52,498177 10,0 0,333 0,0 -5,0 57,498177 0,0 
50 50,5 -0,5 52,442673 10,0 0,333 0,0 -5,0 57,442673 0,0 
50 50,5 -0,5 52,387173 10,0 0,333 0,0 -5,0 57,387173 0,0 
50 50,5 -0,5 52,331673 10,0 0,333 0,0 -5,0 57,331673 0,0 
50 50,5 -0,5 52,276169 10,0 0,333 0,0 -5,0 57,276169 0,0 
50 50,5 -0,5 52,220669 10,0 0,333 0,0 -5,0 57,220669 0,0 
50 50,5 -0,5 52,165169 10,0 0,333 0,0 -5,0 57,165169 0,0 
50 50,5 -0,5 52,109665 10,0 0,333 0,0 -5,0 57,109665 0,0 
50 50,5 -0,5 52,054165 10,0 0,333 0,0 -5,0 57,054165 0,0 
50 50,5 -0,5 51,998665 10,0 0,333 0,0 -5,0 56,998665 0,0 
50 50,5 -0,5 51,943161 10,0 0,333 0,0 -5,0 56,943161 0,0 
50 50,5 -0,5 51,887661 10,0 0,333 0,0 -5,0 56,887661 0,0 
50 50,0 0,0 56,887661 10,0 0,333 0,0 0,0 56,887661 0,0 
50 50,5 -0,5 51,832161 10,0 0,333 0,0 -5,0 56,832161 -0,0 
50 50,5 -0,5 51,776657 10,0 0,333 0,0 -5,0 56,776657 0,0 
50 50,5 -0,5 51,721157 10,0 0,333 0,0 -5,0 56,721157 0,0 
50 50,5 -0,5 51,665657 10,0 0,333 0,0 -5,0 56,665657 0,0 
50 50,5 -0,5 51,610153 10,0 0,333 0,0 -5,0 56,610153 0,0 
50 50,5 -0,5 51,554653 10,0 0,333 0,0 -5,0 56,554653 0,0 
50 50,0 0,0 56,554653 10,0 0,333 0,0 0,0 56,554653 0,0 
50 50,5 -0,5 51,499153 10,0 0,333 0,0 -5,0 56,499153 -0,0 
50 50,0 0,0 56,499153 10,0 0,333 0,0 0,0 56,499153 0,0 
50 50,0 0,0 56,499153 10,0 0,333 0,0 0,0 56,499153 0,0 
50 50,0 0,0 56,499153 10,0 0,333 0,0 0,0 56,499153 0,0 
50 50,5 -0,5 51,443649 10,0 0,333 0,0 -5,0 56,443649 -0,0 
50 50,5 -0,5 51,388149 10,0 0,333 0,0 -5,0 56,388149 0,0 
50 50,5 -0,5 51,332649 10,0 0,333 0,0 -5,0 56,332649 0,0 
50 50,5 -0,5 51,277145 10,0 0,333 0,0 -5,0 56,277145 0,0 
50 50,5 -0,5 51,221645 10,0 0,333 0,0 -5,0 56,221645 0,0 
50 50,5 -0,5 51,166145 10,0 0,333 0,0 -5,0 56,166145 0,0 
50 50,5 -0,5 51,110641 10,0 0,333 0,0 -5,0 56,110641 0,0 
50 50,0 0,0 56,110641 10,0 0,333 0,0 0,0 56,110641 0,0 
50 50,5 -0,5 51,055141 10,0 0,333 0,0 -5,0 56,055141 -0,0 
50 50,0 0,0 56,055141 10,0 0,333 0,0 0,0 56,055141 0,0 
50 50,5 -0,5 50,999641 10,0 0,333 0,0 -5,0 55,999641 -0,0 
50 50,0 0,0 55,999641 10,0 0,333 0,0 0,0 55,999641 0,0 
50 50,0 0,0 55,999641 10,0 0,333 0,0 0,0 55,999641 0,0 
50 50,5 -0,5 50,944138 10,0 0,333 0,0 -5,0 55,944138 -0,0 
50 50,5 -0,5 50,888638 10,0 0,333 0,0 -5,0 55,888638 0,0 
50 50,5 -0,5 50,833138 10,0 0,333 0,0 -5,0 55,833138 0,0 
50 50,5 -0,5 50,777634 10,0 0,333 0,0 -5,0 55,777634 0,0 
50 50,5 -0,5 50,722134 10,0 0,333 0,0 -5,0 55,722134 0,0 
50 50,0 0,0 55,722134 10,0 0,333 0,0 0,0 55,722134 0,0 
50 50,0 0,0 55,722134 10,0 0,333 0,0 0,0 55,722134 0,0 
50 50,0 0,0 55,722134 10,0 0,333 0,0 0,0 55,722134 0,0 
50 50,5 -0,5 50,666634 10,0 0,333 0,0 -5,0 55,666634 -0,0 
50 50,5 -0,5 50,611130 10,0 0,333 0,0 -5,0 55,611130 0,0 
50 50,5 -0,5 50,555630 10,0 0,333 0,0 -5,0 55,555630 0,0 
50 50,5 -0,5 50,500130 10,0 0,333 0,0 -5,0 55,500130 0,0 
50 50,5 -0,5 50,444626 10,0 0,333 0,0 -5,0 55,444626 0,0 
50 50,5 -0,5 50,389126 10,0 0,333 0,0 -5,0 55,389126 0,0 
50 50,5 -0,5 50,333626 10,0 0,333 0,0 -5,0 55,333626 0,0 
50 50,0 0,0 55,333626 10,0 0,333 0,0 0,0 55,333626 0,0 
50 50,0 0,0 55,333626 10,0 0,333 0,0 0,0 55,333626 0,0 
50 50,5 -0,5 50,278122 10,0 0,333 0,0 -5,0 55,278122 -0,0 
50 50,0 0,0 55,278122 10,0 0,333 0,0 0,0 55,278122 0,0 
50 50,5 -0,5 50,222622 10,0 0,333 0,0 -5,0 55,222622 -0,0 
50 50,5 -0,5 50,167122 10,0 0,333 0,0 -5,0 55,167122 0,0 
50 50,5 -0,5 50,111618 10,0 0,333 0,0 -5,0 55,111618 0,0 
50 50,5 -0,5 50,056118 10,0 0,333 0,0 -5,0 55,056118 0,0 
50 50,0 0,0 55,056118 10,0 0,333 0,0 0,0 55,056118 0,0 
50 50,0 0,0 55,056118 10,0 0,333 0,0 0,0 55,056118 0,0 
50 50,5 -0,5 50,000618 10,0 0,333 0,0 -5,0 55,000618 -0,0 
50 50,5 -0,5 49,945114 10,0 0,333 0,0 -5,0 54,945114 0,0 
50 50,5 -0,5 49,889614 10,0 0,333 0,0 -5,0 54,889614 0,0 
50 50,0 0,0 54,889614 10,0 0,333 0,0 0,0 54,889614 0,0 
50 50,5 -0,5 49,834114 10,0 0,333 0,0 -5,0 54,834114 -0,0 
50 50,5 -0,5 49,778610 10,0 0,333 0,0 -5,0 54,778610 0,0 
50 50,5 -0,5 49,723110 10,0 0,333 0,0 -5,0 54,723110 0,0 
50 50,5 -0,5 49,667610 10,0 0,333 0,0 -5,0 54,667610 0,0 
50 50,0 0,0 54,667610 10,0 0,333 0,0 0,0 54,667610 0,0 
50 50,0 0,0 54,667610 10,0 0,333 0,0 0,0 54,667610 0,0 
50 50,0 0,0 54,667610 10,0 0,333 0,0 0,0 54,667610 0,0 
50 50,0 0,0 54,667610 10,0 0,333 0,0 0,0 54,667610 0,0 
50 50,5 -0,5 49,612106 10,0 0,333 0,0 -5,0 54,612106 -0,0 
50 50,5 -0,5 49,556606 10,0 0,333 0,0 -5,0 54,556606 0,0 
50 50,0 0,0 54,556606 10,0 0,333 0,0 0,0 54,556606 0,0 
50 50,0 0,0 54,556606 10,0 0,333 0,0 0,0 54,556606 0,0 
50 50,0 0,0 54,556606 10,0 0,333 0,0 0,0 54,556606 0,0 
50 50,0 0,0 54,556606 10,0 0,333 0,0 0,0 54,556606 0,0 
50 50,0 0,0 54,556606 10,0 0,333 0,0 0,0 54,556606 0,0 
50 50,0 0,0 54,556606 10,0 0,333 0,0 0,0 54,556606 0,0 
50 50,5 -0,5 49,501106 10,0 0,333 0,0 -5,0 54,501106 -0,0 
50 50,5 -0,5 49,445602 10,0 0,333 0,0 -5,0 54,445602 0,0 
50 50,0 0,0 54,445602 10,0 0,333 0,0 0,0 54,445602 0,0 
50 50,5 -0,5 49,390102 10,0 0,333 0,0 -5,0 54,390102 -0,0 
50 50,0 0,0 54,390102 10,0 0,333 0,0 0,0 54,390102 0,0 
50 50,5 -0,5 49,334602 10,0 0,333 0,0 -5,0 54,334602 -0,0 
50 50,5 -0,5 49,279099 10,0 0,333 0,0 -5,0 54,279099 0,0 
50 50,0 0,0 54,279099 10,0 0,333 0,0 0,0 54,279099 0,0 
50 50,0 0,0 54,279099 10,0 0,333 0,0 0,0 54,279099 0,0 
50 50,0 0,0 54,279099 10,0 0,333 0,0 0,0 54,279099 0,0 
50 50,0 0,0 54,279099 10,0 0,333 0,0 0,0 54,279099 0,0 
50 50,5 -0,5 49,223598 10,0 0,333 0,0 -5,0 54,223598 -0,0 
50 50,0 0,0 54,223598 10,0 0,333 0,0 0,0 54,223598 0,0 
50 50,0 0,0 54,223598 10,0 0,333 0,0 0,0 54,223598 0,0 
50 50,5 -0,5 49,168098 10,0 0,333 0,0 -5,0 54,168098 -0,0 
50 50,5 -0,5 49,112595 10,0 0,333 0,0 -5,0 54,112595 0,0 
50 50,5 -0,5 49,057095 10,0 0,333 0,0 -5,0 54,057095 0,0 
50 50,5 -0,5 49,001595 10,0 0,333 0,0 -5,0 54,001595 0,0 
50 50,5 -0,5 48,946091 10,0 0,333 0,0 -5,0 53,946091 0,0 
50 50,5 -0,5 48,890591 10,0 0,333 0,0 -5,0 53,890591 0,0 
50 50,0 0,0 53,890591 10,0 0,333 0,0 0,0 53,890591 0,0 
50 50,0 0,0 53,890591 10,0 0,333 0,0 0,0 53,890591 0,0 
50 50,5 -0,5 48,835091 10,0 0,333 0,0 -5,0 53,835091 -0,0 
50 50,5 -0,5 48,779587 10,0 0,333 0,0 -5,0 53,779587 0,0 
50 50,0 0,0 53,779587 10,0 0,333 0,0 0,0 53,779587 0,0 
50 50,0 0,0 53,779587 10,0 0,333 0,0 0,0 53,779587 0,0 
50 50,0 0,0 53,779587 10,0 0,333 0,0 0,0 53,779587 0,0 
50 50,0 0,0 53,779587 10,0 0,333 0,0 0,0 53,779587 0,0 
50 50,0 0,0 53,779587 10,0 0,333 0,0 0,0 53,779587 0,0 
50 50,5 -0,5 48,724087 10,0 0,333 0,0 -5,0 53,724087 -0,0 
50 50,5 -0,5 48,668587 10,0 0,333 0,0 -5,0 53,668587 0,0 
50 50,0 0,0 53,668587 10,0 0,333 0,0 0,0 53,668587 0,0 
50 50,0 0,0 53,668587 10,0 0,333 0,0 0,0 53,668587 0,0 
50 50,5 -0,5 48,613083 10,0 0,333 0,0 -5,0 53,613083 -0,0 
50 50,0 0,0 53,613083 10,0 0,333 0,0 0,0 53,613083 0,0 
50 50,0 0,0 53,613083 10,0 0,333 0,0 0,0 53,613083 0,0 
50 50,5 -0,5 48,557583 10,0 0,333 0,0 -5,0 53,557583 -0,0 
50 50,0 0,0 53,557583 10,0 0,333 0,0 0,0 53,557583 0,0 
50 50,5 -0,5 48,502083 10,0 0,333 0,0 -5,0 53,502083 -0,0 
50 50,0 0,0 53,502083 10,0 0,333 0,0 0,0 53,502083 0,0 
50 50,0 0,0 53,502083 10,0 0,333 0,0 0,0 53,502083 0,0 
50 50,0 0,0 53,502083 10,0 0,333 0,0 0,0 53,502083 0,0 
