50 30,0 20,0 40,222000 2,0 0,033 0,0 40,0 0,222000 0,0 
50 30,0 20,0 40,444000 2,0 0,033 0,0 40,0 0,444000 0,0 
50 30,5 19,5 39,216450 2,0 0,033 0,0 39,0 0,216450 0,0 
50 29,5 20,5 41,444000 2,0 0,033 0,0 41,0 0,444000 0,0 
50 29,0 21,0 42,677101 2,0 0,033 0,0 42,0 0,677100 0,0 
50 30,5 19,5 39,893551 2,0 0,033 0,0 39,0 0,893550 -0,0 
50 29,0 21,0 43,126652 2,0 0,033 0,0 42,0 1,126650 0,0 
50 30,0 20,0 41,348652 2,0 0,033 0,0 40,0 1,348650 -0,0 
50 30,0 20,0 41,570648 2,0 0,033 0,0 40,0 1,570650 0,0 
50 30,0 20,0 41,792648 2,0 0,033 0,0 40,0 1,792650 0,0 
50 30,0 20,0 42,014648 2,0 0,033 0,0 40,0 2,014650 0,0 
50 30,0 20,0 42,236649 2,0 0,033 0,0 40,0 2,236650 0,0 
50 30,0 20,0 42,458649 2,0 0,033 0,0 40,0 2,458650 0,0 
50 30,5 19,5 41,675102 2,0 0,033 0,0 39,0 2,675100 -0,0 
50 30,0 20,0 42,897102 2,0 0,033 0,0 40,0 2,897100 0,0 
50 30,5 19,5 42,113552 2,0 0,033 0,0 39,0 3,113550 -0,0 
50 30,5 19,5 42,330002 2,0 0,033 0,0 39,0 3,330000 0,0 
50 30,5 19,5 42,546452 2,0 0,033 0,0 39,0 3,546450 0,0 
50 30,5 19,5 42,762901 2,0 0,033 0,0 39,0 3,762901 0,0 
50 30,5 19,5 42,979351 2,0 0,033 0,0 39,0 3,979351 0,0 
50 30,0 20,0 44,201351 2,0 0,033 0,0 40,0 4,201351 0,0 
50 31,0 19,0 42,412251 2,0 0,033 0,0 38,0 4,412251 -0,0 
50 31,0 19,0 42,623150 2,0 0,033 0,0 38,0 4,623150 0,0 
50 31,0 19,0 42,834049 2,0 0,033 0,0 38,0 4,834050 0,0 
50 31,5 18,5 42,039402 2,0 0,033 0,0 37,0 5,039401 -0,0 
50 31,5 18,5 42,244751 2,0 0,033 0,0 37,0 5,244751 0,0 
50 31,5 18,5 42,450100 2,0 0,033 0,0 37,0 5,450101 0,0 
50 31,5 18,5 42,655453 2,0 0,033 0,0 37,0 5,655451 0,0 
50 31,5 18,5 42,860802 2,0 0,033 0,0 37,0 5,860802 0,0 
50 31,5 18,5 43,066151 2,0 0,033 0,0 37,0 6,066152 0,0 
50 31,0 19,0 44,277050 2,0 0,033 0,0 38,0 6,277051 0,0 
50 32,0 18,0 42,476852 2,0 0,033 0,0 36,0 6,476852 -0,0 
50 32,0 18,0 42,676651 2,0 0,033 0,0 36,0 6,676652 0,0 
50 32,0 18,0 42,876453 2,0 0,033 0,0 36,0 6,876452 0,0 
50 32,0 18,0 43,076252 2,0 0,033 0,0 36,0 7,076252 0,0 
50 32,0 18,0 43,276051 2,0 0,033 0,0 36,0 7,276052 0,0 
50 32,0 18,0 43,475853 2,0 0,033 0,0 36,0 7,475852 0,0 
50 32,5 17,5 42,670101 2,0 0,033 0,0 35,0 7,670102 -0,0 
50 32,5 17,5 42,864353 2,0 0,033 0,0 35,0 7,864352 0,0 
50 32,5 17,5 43,058601 2,0 0,033 0,0 35,0 8,058602 0,0 
50 32,5 17,5 43,252853 2,0 0,033 0,0 35,0 8,252852 0,0 
50 32,0 18,0 44,452652 2,0 0,033 0,0 36,0 8,452652 0,0 
50 33,0 17,0 42,641354 2,0 0,033 0,0 34,0 8,641353 -0,0 
50 33,0 17,0 42,830055 2,0 0,033 0,0 34,0 8,830053 0,0 
50 33,0 17,0 43,018753 2,0 0,033 0,0 34,0 9,018753 0,0 
50 33,0 17,0 43,207455 2,0 0,033 0,0 34,0 9,207454 0,0 
50 33,0 17,0 43,396156 2,0 0,033 0,0 34,0 9,396154 0,0 
50 33,0 17,0 43,584854 2,0 0,033 0,0 34,0 9,584855 0,0 
50 33,5 16,5 42,768005 2,0 0,033 0,0 33,0 9,768004 -0,0 
50 33,5 16,5 42,951157 2,0 0,033 0,0 33,0 9,951155 0,0 
50 33,5 16,5 43,134304 2,0 0,033 0,0 33,0 10,134305 0,0 
50 33,5 16,5 43,317455 2,0 0,033 0,0 33,0 10,317455 0,0 
50 33,5 16,5 43,500607 2,0 0,033 0,0 33,0 10,500606 0,0 
50 33,5 16,5 43,683754 2,0 0,033 0,0 33,0 10,683756 0,0 
50 33,5 16,5 43,866905 2,0 0,033 0,0 33,0 10,866906 0,0 
50 33,0 17,0 45,055607 2,0 0,033 0,0 34,0 11,055607 0,0 
50 34,0 16,0 43,233208 2,0 0,033 0,0 32,0 11,233207 -0,0 
50 34,0 16,0 43,410805 2,0 0,033 0,0 32,0 11,410807 0,0 
50 34,0 16,0 43,588406 2,0 0,033 0,0 32,0 11,588407 0,0 
50 34,0 16,0 43,766006 2,0 0,033 0,0 32,0 11,766007 0,0 
50 34,0 16,0 43,943607 2,0 0,033 0,0 32,0 11,943607 0,0 
50 34,5 15,5 43,115658 2,0 0,033 0,0 31,0 12,115657 -0,0 
50 34,5 15,5 43,287708 2,0 0,033 0,0 31,0 12,287707 0,0 
50 34,5 15,5 43,459755 2,0 0,033 0,0 31,0 12,459757 0,0 
50 34,5 15,5 43,631805 2,0 0,033 0,0 31,0 12,631807 0,0 
50 34,5 15,5 43,803856 2,0 0,033 0,0 31,0 12,803857 0,0 
50 34,5 15,5 43,975906 2,0 0,033 0,0 31,0 12,975907 0,0 
50 34,5 15,5 44,147957 2,0 0,033 0,0 31,0 13,147957 0,0 
50 34,5 15,5 44,320007 2,0 0,033 0,0 31,0 13,320007 0,0 
50 34,5 15,5 44,492058 2,0 0,033 0,0 31,0 13,492057 0,0 
50 34,0 16,0 45,669655 2,0 0,033 0,0 32,0 13,669657 0,0 
50 35,0 15,0 43,836159 2,0 0,033 0,0 30,0 13,836157 -0,0 
50 35,0 15,0 44,002655 2,0 0,033 0,0 30,0 14,002657 0,0 
50 35,0 15,0 44,169159 2,0 0,033 0,0 30,0 14,169157 0,0 
50 35,0 15,0 44,335655 2,0 0,033 0,0 30,0 14,335656 0,0 
50 35,0 15,0 44,502155 2,0 0,033 0,0 30,0 14,502156 0,0 
50 35,0 15,0 44,668655 2,0 0,033 0,0 30,0 14,668656 0,0 
50 35,0 15,0 44,835155 2,0 0,033 0,0 30,0 14,835156 0,0 
50 35,0 15,0 45,001656 2,0 0,033 0,0 30,0 15,001656 0,0 
50 35,0 15,0 45,168156 2,0 0,033 0,0 30,0 15,168156 0,0 
50 35,5 14,5 44,329105 2,0 0,033 0,0 29,0 15,329105 -0,0 
50 35,5 14,5 44,490055 2,0 0,033 0,0 29,0 15,490055 0,0 
50 35,5 14,5 44,651005 2,0 0,033 0,0 29,0 15,651005 0,0 
50 35,5 14,5 44,811954 2,0 0,033 0,0 29,0 15,811954 0,0 
50 35,5 14,5 44,972904 2,0 0,033 0,0 29,0 15,972904 0,0 
50 35,5 14,5 45,133854 2,0 0,033 0,0 29,0 16,133854 0,0 
50 35,5 14,5 45,294804 2,0 0,033 0,0 29,0 16,294804 0,0 
50 35,5 14,5 45,455753 2,0 0,033 0,0 29,0 16,455753 0,0 
50 35,5 14,5 45,616703 2,0 0,033 0,0 29,0 16,616703 0,0 
50 35,5 14,5 45,777653 2,0 0,033 0,0 29,0 16,777653 0,0 
50 35,0 15,0 46,944153 2,0 0,033 0,0 30,0 16,944153 0,0 
50 36,0 14,0 45,099556 2,0 0,033 0,0 28,0 17,099554 -0,0 
50 36,0 14,0 45,254951 2,0 0,033 0,0 28,0 17,254953 0,0 
50 36,0 14,0 45,410355 2,0 0,033 0,0 28,0 17,410353 0,0 
50 36,0 14,0 45,565750 2,0 0,033 0,0 28,0 17,565752 0,0 
50 36,0 14,0 45,721153 2,0 0,033 0,0 28,0 17,721151 0,0 
50 36,0 14,0 45,876549 2,0 0,033 0,0 28,0 17,876551 0,0 
50 36,0 14,0 46,031952 2,0 0,033 0,0 28,0 18,031950 0,0 
50 36,5 13,5 45,181801 2,0 0,033 0,0 27,0 18,181801 -0,0 
50 36,0 14,0 46,337200 2,0 0,033 0,0 28,0 18,337200 0,0 
50 36,5 13,5 45,487049 2,0 0,033 0,0 27,0 18,487049 -0,0 
50 36,5 13,5 45,636898 2,0 0,033 0,0 27,0 18,636898 0,0 
50 36,5 13,5 45,786751 2,0 0,033 0,0 27,0 18,786749 0,0 
50 36,5 13,5 45,936600 2,0 0,033 0,0 27,0 18,936598 0,0 
50 36,5 13,5 46,086449 2,0 0,033 0,0 27,0 19,086447 0,0 
50 36,5 13,5 46,236298 2,0 0,033 0,0 27,0 19,236296 0,0 
50 36,5 13,5 46,386147 2,0 0,033 0,0 27,0 19,386147 0,0 
50 36,5 13,5 46,535995 2,0 0,033 0,0 27,0 19,535995 0,0 
50 36,5 13,5 46,685844 2,0 0,033 0,0 27,0 19,685844 0,0 
50 36,0 14,0 47,841244 2,0 0,033 0,0 28,0 19,841244 0,0 
50 37,0 13,0 45,985542 2,0 0,033 0,0 26,0 19,985544 -0,0 
50 37,0 13,0 46,129845 2,0 0,033 0,0 26,0 20,129843 0,0 
50 37,0 13,0 46,274143 2,0 0,033 0,0 26,0 20,274143 0,0 
50 37,0 13,0 46,418442 2,0 0,033 0,0 26,0 20,418442 0,0 
50 37,0 13,0 46,562740 2,0 0,033 0,0 26,0 20,562740 0,0 
50 37,5 12,5 45,701492 2,0 0,033 0,0 25,0 20,701490 -0,0 
50 37,5 12,5 45,840240 2,0 0,033 0,0 25,0 20,840240 0,0 
50 37,5 12,5 45,978989 2,0 0,033 0,0 25,0 20,978989 0,0 
50 37,5 12,5 46,117737 2,0 0,033 0,0 25,0 21,117739 0,0 
50 37,5 12,5 46,256485 2,0 0,033 0,0 25,0 21,256487 0,0 
50 37,5 12,5 46,395237 2,0 0,033 0,0 25,0 21,395237 0,0 
50 37,5 12,5 46,533985 2,0 0,033 0,0 25,0 21,533985 0,0 
50 37,5 12,5 46,672737 2,0 0,033 0,0 25,0 21,672735 0,0 
50 37,5 12,5 46,811485 2,0 0,033 0,0 25,0 21,811483 0,0 
50 37,5 12,5 46,950233 2,0 0,033 0,0 25,0 21,950233 0,0 
50 37,5 12,5 47,088982 2,0 0,033 0,0 25,0 22,088982 0,0 
50 37,5 12,5 47,227730 2,0 0,033 0,0 25,0 22,227732 0,0 
50 37,0 13,0 48,372032 2,0 0,033 0,0 26,0 22,372030 0,0 
50 38,0 12,0 46,505230 2,0 0,033 0,0 24,0 22,505230 -0,0 
50 38,0 12,0 46,638428 2,0 0,033 0,0 24,0 22,638430 0,0 
50 38,0 12,0 46,771629 2,0 0,033 0,0 24,0 22,771627 0,0 
50 38,0 12,0 46,904827 2,0 0,033 0,0 24,0 22,904827 0,0 
50 38,0 12,0 47,038025 2,0 0,033 0,0 24,0 23,038027 0,0 
50 38,0 12,0 47,171227 2,0 0,033 0,0 24,0 23,171225 0,0 
50 38,0 12,0 47,304424 2,0 0,033 0,0 24,0 23,304424 0,0 
50 38,0 12,0 47,437622 2,0 0,033 0,0 24,0 23,437624 0,0 
50 38,0 12,0 47,570824 2,0 0,033 0,0 24,0 23,570822 0,0 
50 38,5 11,5 46,698471 2,0 0,033 0,0 23,0 23,698473 -0,0 
50 38,0 12,0 47,831673 2,0 0,033 0,0 24,0 23,831673 0,0 
50 38,5 11,5 46,959324 2,0 0,033 0,0 23,0 23,959324 -0,0 
50 38,5 11,5 47,086975 2,0 0,033 0,0 23,0 24,086975 0,0 
50 38,5 11,5 47,214622 2,0 0,033 0,0 23,0 24,214624 0,0 
50 38,5 11,5 47,342278 2,0 0,033 0,0 23,0 24,342276 0,0 
50 38,5 11,5 47,469925 2,0 0,033 0,0 23,0 24,469927 0,0 
50 38,5 11,5 47,597580 2,0 0,033 0,0 23,0 24,597578 0,0 
50 38,5 11,5 47,725227 2,0 0,033 0,0 23,0 24,725229 0,0 
50 38,5 11,5 47,852882 2,0 0,033 0,0 23,0 24,852880 0,0 
50 38,5 11,5 47,980530 2,0 0,033 0,0 23,0 24,980532 0,0 
50 38,5 11,5 48,108185 2,0 0,033 0,0 23,0 25,108183 0,0 
50 38,0 12,0 49,241379 2,0 0,033 0,0 24,0 25,241381 0,0 
50 39,5 10,5 46,357933 2,0 0,033 0,0 21,0 25,357931 -0,0 
50 38,0 12,0 49,491131 2,0 0,033 0,0 24,0 25,491131 0,0 
50 39,0 11,0 47,613232 2,0 0,033 0,0 22,0 25,613232 -0,0 
50 39,0 11,0 47,735332 2,0 0,033 0,0 22,0 25,735332 0,0 
50 39,0 11,0 47,857433 2,0 0,033 0,0 22,0 25,857433 0,0 
50 39,0 11,0 47,979534 2,0 0,033 0,0 22,0 25,979534 0,0 
50 39,0 11,0 48,101635 2,0 0,033 0,0 22,0 26,101635 0,0 
50 39,0 11,0 48,223736 2,0 0,033 0,0 22,0 26,223736 0,0 
50 39,0 11,0 48,345837 2,0 0,033 0,0 22,0 26,345837 0,0 
50 39,0 11,0 48,467937 2,0 0,033 0,0 22,0 26,467937 0,0 
50 39,0 11,0 48,590038 2,0 0,033 0,0 22,0 26,590038 0,0 
50 39,0 11,0 48,712139 2,0 0,033 0,0 22,0 26,712139 0,0 
50 39,0 11,0 48,834240 2,0 0,033 0,0 22,0 26,834240 0,0 
50 39,5 10,5 47,950790 2,0 0,033 0,0 21,0 26,950790 -0,0 
50 39,5 10,5 48,067341 2,0 0,033 0,0 21,0 27,067341 0,0 
50 39,5 10,5 48,183891 2,0 0,033 0,0 21,0 27,183891 0,0 
50 39,5 10,5 48,300446 2,0 0,033 0,0 21,0 27,300444 0,0 
50 39,5 10,5 48,416992 2,0 0,033 0,0 21,0 27,416994 0,0 
50 39,5 10,5 48,533546 2,0 0,033 0,0 21,0 27,533545 0,0 
50 39,5 10,5 48,650093 2,0 0,033 0,0 21,0 27,650095 0,0 
50 39,5 10,5 48,766647 2,0 0,033 0,0 21,0 27,766645 0,0 
50 39,5 10,5 48,883194 2,0 0,033 0,0 21,0 27,883196 0,0 
50 39,5 10,5 48,999748 2,0 0,033 0,0 21,0 27,999746 0,0 
50 39,0 11,0 50,121849 2,0 0,033 0,0 22,0 28,121847 0,0 
50 40,0 10,0 48,232849 2,0 0,033 0,0 20,0 28,232849 -0,0 
50 40,5 9,5 47,338299 2,0 0,033 0,0 19,0 28,338299 -0,0 
50 39,0 11,0 50,460400 2,0 0,033 0,0 22,0 28,460400 0,0 
50 40,0 10,0 48,571400 2,0 0,033 0,0 20,0 28,571400 -0,0 
50 40,0 10,0 48,682404 2,0 0,033 0,0 20,0 28,682402 0,0 
50 40,0 10,0 48,793404 2,0 0,033 0,0 20,0 28,793402 0,0 
50 40,0 10,0 48,904404 2,0 0,033 0,0 20,0 28,904402 0,0 
50 40,0 10,0 49,015404 2,0 0,033 0,0 20,0 29,015402 0,0 
50 40,0 10,0 49,126404 2,0 0,033 0,0 20,0 29,126404 0,0 
50 40,0 10,0 49,237404 2,0 0,033 0,0 20,0 29,237404 0,0 
50 40,0 10,0 49,348404 2,0 0,033 0,0 20,0 29,348404 0,0 
50 40,0 10,0 49,459404 2,0 0,033 0,0 20,0 29,459406 0,0 
50 40,0 10,0 49,570404 2,0 0,033 0,0 20,0 29,570406 0,0 
50 40,0 10,0 49,681404 2,0 0,033 0,0 20,0 29,681406 0,0 
50 40,0 10,0 49,792404 2,0 0,033 0,0 20,0 29,792406 0,0 
50 40,5 9,5 48,897858 2,0 0,033 0,0 19,0 29,897858 -0,0 
50 40,5 9,5 49,003307 2,0 0,033 0,0 19,0 30,003307 0,0 
50 40,5 9,5 49,108757 2,0 0,033 0,0 19,0 30,108759 0,0 
50 40,5 9,5 49,214211 2,0 0,033 0,0 19,0 30,214209 0,0 
50 40,5 9,5 49,319656 2,0 0,033 0,0 19,0 30,319658 0,0 
50 40,5 9,5 49,425110 2,0 0,033 0,0 19,0 30,425110 0,0 
50 40,5 9,5 49,530560 2,0 0,033 0,0 19,0 30,530560 0,0 
50 40,5 9,5 49,636009 2,0 0,033 0,0 19,0 30,636011 0,0 
50 40,5 9,5 49,741463 2,0 0,033 0,0 19,0 30,741461 0,0 
50 40,5 9,5 49,846909 2,0 0,033 0,0 19,0 30,846910 0,0 
50 40,5 9,5 49,952362 2,0 0,033 0,0 19,0 30,952362 0,0 
50 40,5 9,5 50,057812 2,0 0,033 0,0 19,0 31,057812 0,0 
50 40,5 9,5 50,163261 2,0 0,033 0,0 19,0 31,163263 0,0 
50 40,5 9,5 50,268715 2,0 0,033 0,0 19,0 31,268713 0,0 
50 40,5 9,5 50,374161 2,0 0,033 0,0 19,0 31,374163 0,0 
50 40,5 9,5 50,479614 2,0 0,033 0,0 19,0 31,479614 0,0 
50 40,0 10,0 51,590614 2,0 0,033 0,0 20,0 31,590614 0,0 
50 41,5 8,5 48,684967 2,0 0,033 0,0 17,0 31,684965 -0,0 
50 40,5 9,5 50,790413 2,0 0,033 0,0 19,0 31,790415 0,0 
50 40,0 10,0 51,901413 2,0 0,033 0,0 20,0 31,901415 0,0 
50 41,0 9,0 50,001316 2,0 0,033 0,0 18,0 32,001316 -0,0 
50 41,0 9,0 50,101215 2,0 0,033 0,0 18,0 32,101215 0,0 
50 41,0 9,0 50,201118 2,0 0,033 0,0 18,0 32,201118 0,0 
50 41,0 9,0 50,301018 2,0 0,033 0,0 18,0 32,301018 0,0 
50 41,0 9,0 50,400917 2,0 0,033 0,0 18,0 32,400917 0,0 
50 41,0 9,0 50,500816 2,0 0,033 0,0 18,0 32,500816 0,0 
50 41,5 8,5 49,595169 2,0 0,033 0,0 17,0 32,595169 -0,0 
50 41,0 9,0 50,695068 2,0 0,033 0,0 18,0 32,695068 0,0 
50 41,5 8,5 49,789417 2,0 0,033 0,0 17,0 32,789417 -0,0 
50 41,0 9,0 50,889320 2,0 0,033 0,0 18,0 32,889320 0,0 
50 41,5 8,5 49,983669 2,0 0,033 0,0 17,0 32,983669 -0,0 
50 41,5 8,5 50,078018 2,0 0,033 0,0 17,0 33,078018 0,0 
50 41,5 8,5 50,172371 2,0 0,033 0,0 17,0 33,172371 0,0 
50 41,5 8,5 50,266720 2,0 0,033 0,0 17,0 33,266720 0,0 
50 41,5 8,5 50,361069 2,0 0,033 0,0 17,0 33,361069 0,0 
50 41,5 8,5 50,455421 2,0 0,033 0,0 17,0 33,455421 0,0 
50 41,5 8,5 50,549770 2,0 0,033 0,0 17,0 33,549770 0,0 
50 41,5 8,5 50,644119 2,0 0,033 0,0 17,0 33,644119 0,0 
50 41,5 8,5 50,738472 2,0 0,033 0,0 17,0 33,738472 0,0 
50 41,5 8,5 50,832821 2,0 0,033 0,0 17,0 33,832821 0,0 
50 41,5 8,5 50,927170 2,0 0,033 0,0 17,0 33,927170 0,0 
50 41,5 8,5 51,021523 2,0 0,033 0,0 17,0 34,021523 0,0 
50 41,0 9,0 52,121422 2,0 0,033 0,0 18,0 34,121422 0,0 
50 42,5 7,5 49,204674 2,0 0,033 0,0 15,0 34,204674 -0,0 
50 41,0 9,0 52,304573 2,0 0,033 0,0 18,0 34,304573 0,0 
50 42,0 8,0 50,393368 2,0 0,033 0,0 16,0 34,393368 -0,0 
50 42,5 7,5 49,476620 2,0 0,033 0,0 15,0 34,476620 -0,0 
50 41,5 8,5 51,570969 2,0 0,033 0,0 17,0 34,570969 0,0 
50 41,0 9,0 52,670868 2,0 0,033 0,0 18,0 34,670868 0,0 
50 42,0 8,0 50,759666 2,0 0,033 0,0 16,0 34,759666 -0,0 
50 42,0 8,0 50,848465 2,0 0,033 0,0 16,0 34,848465 0,0 
50 42,0 8,0 50,937263 2,0 0,033 0,0 16,0 34,937263 0,0 
50 42,0 8,0 51,026058 2,0 0,033 0,0 16,0 35,026058 0,0 
50 42,0 8,0 51,114857 2,0 0,033 0,0 16,0 35,114857 0,0 
50 42,0 8,0 51,203655 2,0 0,033 0,0 16,0 35,203655 0,0 
50 42,0 8,0 51,292454 2,0 0,033 0,0 16,0 35,292454 0,0 
50 42,0 8,0 51,381252 2,0 0,033 0,0 16,0 35,381252 0,0 
50 42,0 8,0 51,470051 2,0 0,033 0,0 16,0 35,470051 0,0 
50 42,0 8,0 51,558849 2,0 0,033 0,0 16,0 35,558849 0,0 
50 42,0 8,0 51,647644 2,0 0,033 0,0 16,0 35,647644 0,0 
50 42,0 8,0 51,736443 2,0 0,033 0,0 16,0 35,736443 0,0 
50 42,0 8,0 51,825241 2,0 0,033 0,0 16,0 35,825241 0,0 
50 42,5 7,5 50,908493 2,0 0,033 0,0 15,0 35,908493 -0,0 
50 42,5 7,5 50,991745 2,0 0,033 0,0 15,0 35,991745 0,0 
50 42,0 8,0 52,080544 2,0 0,033 0,0 16,0 36,080544 0,0 
50 42,5 7,5 51,163795 2,0 0,033 0,0 15,0 36,163795 -0,0 
50 42,5 7,5 51,247047 2,0 0,033 0,0 15,0 36,247047 0,0 
50 42,5 7,5 51,330299 2,0 0,033 0,0 15,0 36,330299 0,0 
50 42,5 7,5 51,413551 2,0 0,033 0,0 15,0 36,413551 0,0 
50 42,5 7,5 51,496803 2,0 0,033 0,0 15,0 36,496803 0,0 
50 42,5 7,5 51,580055 2,0 0,033 0,0 15,0 36,580055 0,0 
50 42,5 7,5 51,663307 2,0 0,033 0,0 15,0 36,663307 0,0 
50 42,5 7,5 51,746559 2,0 0,033 0,0 15,0 36,746559 0,0 
50 42,5 7,5 51,829811 2,0 0,033 0,0 15,0 36,829811 0,0 
50 42,5 7,5 51,913063 2,0 0,033 0,0 15,0 36,913063 0,0 
50 42,0 8,0 53,001862 2,0 0,033 0,0 16,0 37,001862 0,0 
50 43,0 7,0 51,079563 2,0 0,033 0,0 14,0 37,079563 -0,0 
50 43,0 7,0 51,157265 2,0 0,033 0,0 14,0 37,157265 0,0 
50 43,0 7,0 51,234966 2,0 0,033 0,0 14,0 37,234966 0,0 
50 43,5 6,5 50,307117 2,0 0,033 0,0 13,0 37,307117 -0,0 
50 42,0 8,0 53,395916 2,0 0,033 0,0 16,0 37,395916 0,0 
50 43,0 7,0 51,473618 2,0 0,033 0,0 14,0 37,473618 -0,0 
50 43,0 7,0 51,551319 2,0 0,033 0,0 14,0 37,551319 0,0 
50 43,0 7,0 51,629021 2,0 0,033 0,0 14,0 37,629021 0,0 
50 43,0 7,0 51,706722 2,0 0,033 0,0 14,0 37,706722 0,0 
50 43,0 7,0 51,784428 2,0 0,033 0,0 14,0 37,784428 0,0 
50 43,0 7,0 51,862129 2,0 0,033 0,0 14,0 37,862129 0,0 
50 43,0 7,0 51,939831 2,0 0,033 0,0 14,0 37,939831 0,0 
50 43,0 7,0 52,017532 2,0 0,033 0,0 14,0 38,017532 0,0 
50 43,0 7,0 52,095234 2,0 0,033 0,0 14,0 38,095234 0,0 
50 43,0 7,0 52,172935 2,0 0,033 0,0 14,0 38,172935 0,0 
50 43,0 7,0 52,250637 2,0 0,033 0,0 14,0 38,250637 0,0 
50 43,0 7,0 52,328339 2,0 0,033 0,0 14,0 38,328339 0,0 
50 43,0 7,0 52,406040 2,0 0,033 0,0 14,0 38,406040 0,0 
50 43,0 7,0 52,483742 2,0 0,033 0,0 14,0 38,483742 0,0 
50 43,0 7,0 52,561443 2,0 0,033 0,0 14,0 38,561443 0,0 
50 43,0 7,0 52,639145 2,0 0,033 0,0 14,0 38,639145 0,0 
50 43,0 7,0 52,716846 2,0 0,033 0,0 14,0 38,716846 0,0 
50 43,0 7,0 52,794548 2,0 0,033 0,0 14,0 38,794548 0,0 
50 43,0 7,0 52,872250 2,0 0,033 0,0 14,0 38,872250 0,0 
50 43,0 7,0 52,949955 2,0 0,033 0,0 14,0 38,949955 0,0 
50 43,0 7,0 53,027657 2,0 0,033 0,0 14,0 39,027657 0,0 
50 43,5 6,5 52,099808 2,0 0,033 0,0 13,0 39,099808 -0,0 
50 43,5 6,5 52,171959 2,0 0,033 0,0 13,0 39,171959 0,0 
50 43,0 7,0 53,249660 2,0 0,033 0,0 14,0 39,249660 0,0 
50 43,5 6,5 52,321812 2,0 0,033 0,0 13,0 39,321812 -0,0 
50 43,5 6,5 52,393963 2,0 0,033 0,0 13,0 39,393963 0,0 
50 43,5 6,5 52,466114 2,0 0,033 0,0 13,0 39,466114 0,0 
50 43,5 6,5 52,538265 2,0 0,033 0,0 13,0 39,538265 0,0 
50 43,5 6,5 52,610420 2,0 0,033 0,0 13,0 39,610420 0,0 
50 43,5 6,5 52,682571 2,0 0,033 0,0 13,0 39,682571 0,0 
50 43,5 6,5 52,754723 2,0 0,033 0,0 13,0 39,754723 0,0 
50 43,5 6,5 52,826874 2,0 0,033 0,0 13,0 39,826874 0,0 
50 43,5 6,5 52,899025 2,0 0,033 0,0 13,0 39,899025 0,0 
50 43,5 6,5 52,971176 2,0 0,033 0,0 13,0 39,971176 0,0 
50 43,5 6,5 53,043327 2,0 0,033 0,0 13,0 40,043327 0,0 
50 43,5 6,5 53,115482 2,0 0,033 0,0 13,0 40,115482 0,0 
50 43,5 6,5 53,187634 2,0 0,033 0,0 13,0 40,187634 0,0 
50 43,5 6,5 53,259785 2,0 0,033 0,0 13,0 40,259785 0,0 
50 43,5 6,5 53,331936 2,0 0,033 0,0 13,0 40,331936 0,0 
50 43,0 7,0 54,409637 2,0 0,033 0,0 14,0 40,409637 0,0 
50 44,0 6,0 52,476238 2,0 0,033 0,0 12,0 40,476238 -0,0 
50 44,0 6,0 52,542839 2,0 0,033 0,0 12,0 40,542839 0,0 
50 44,0 6,0 52,609444 2,0 0,033 0,0 12,0 40,609444 0,0 
50 44,0 6,0 52,676044 2,0 0,033 0,0 12,0 40,676044 0,0 
50 44,0 6,0 52,742645 2,0 0,033 0,0 12,0 40,742645 0,0 
50 44,0 6,0 52,809246 2,0 0,033 0,0 12,0 40,809246 0,0 
50 44,0 6,0 52,875847 2,0 0,033 0,0 12,0 40,875847 0,0 
50 44,0 6,0 52,942451 2,0 0,033 0,0 12,0 40,942451 0,0 
50 44,0 6,0 53,009052 2,0 0,033 0,0 12,0 41,009052 0,0 
50 44,0 6,0 53,075653 2,0 0,033 0,0 12,0 41,075653 0,0 
50 44,0 6,0 53,142254 2,0 0,033 0,0 12,0 41,142254 0,0 
50 44,0 6,0 53,208855 2,0 0,033 0,0 12,0 41,208855 0,0 
50 44,0 6,0 53,275459 2,0 0,033 0,0 12,0 41,275459 0,0 
50 44,0 6,0 53,342060 2,0 0,033 0,0 12,0 41,342060 0,0 
50 44,0 6,0 53,408661 2,0 0,033 0,0 12,0 41,408661 0,0 
50 44,0 6,0 53,475262 2,0 0,033 0,0 12,0 41,475262 0,0 
50 44,0 6,0 53,541862 2,0 0,033 0,0 12,0 41,541862 0,0 
50 44,0 6,0 53,608467 2,0 0,033 0,0 12,0 41,608467 0,0 
50 44,0 6,0 53,675068 2,0 0,033 0,0 12,0 41,675068 0,0 
50 44,5 5,5 52,736118 2,0 0,033 0,0 11,0 41,736118 -0,0 
50 44,5 5,5 52,797169 2,0 0,033 0,0 11,0 41,797169 0,0 
50 44,5 5,5 52,858223 2,0 0,033 0,0 11,0 41,858223 0,0 
50 44,0 6,0 53,924824 2,0 0,033 0,0 12,0 41,924824 0,0 
50 44,5 5,5 52,985874 2,0 0,033 0,0 11,0 41,985874 -0,0 
50 44,5 5,5 53,046925 2,0 0,033 0,0 11,0 42,046925 0,0 
50 44,5 5,5 53,107979 2,0 0,033 0,0 11,0 42,107979 0,0 
50 44,5 5,5 53,169029 2,0 0,033 0,0 11,0 42,169029 0,0 
50 44,5 5,5 53,230080 2,0 0,033 0,0 11,0 42,230080 0,0 
50 44,5 5,5 53,291130 2,0 0,033 0,0 11,0 42,291130 0,0 
50 44,5 5,5 53,352184 2,0 0,033 0,0 11,0 42,352184 0,0 
50 44,5 5,5 53,413235 2,0 0,033 0,0 11,0 42,413235 0,0 
50 44,5 5,5 53,474285 2,0 0,033 0,0 11,0 42,474285 0,0 
50 44,5 5,5 53,535339 2,0 0,033 0,0 11,0 42,535339 0,0 
50 44,5 5,5 53,596390 2,0 0,033 0,0 11,0 42,596390 0,0 
50 44,5 5,5 53,657440 2,0 0,033 0,0 11,0 42,657440 0,0 
50 44,5 5,5 53,718491 2,0 0,033 0,0 11,0 42,718491 0,0 
50 44,5 5,5 53,779545 2,0 0,033 0,0 11,0 42,779545 0,0 
50 44,5 5,5 53,840595 2,0 0,033 0,0 11,0 42,840595 0,0 
50 44,5 5,5 53,901646 2,0 0,033 0,0 11,0 42,901646 0,0 
50 44,5 5,5 53,962696 2,0 0,033 0,0 11,0 42,962696 0,0 
50 44,5 5,5 54,023750 2,0 0,033 0,0 11,0 43,023750 0,0 
50 44,5 5,5 54,084801 2,0 0,033 0,0 11,0 43,084801 0,0 
50 44,5 5,5 54,145851 2,0 0,033 0,0 11,0 43,145851 0,0 
50 44,0 6,0 55,212452 2,0 0,033 0,0 12,0 43,212452 0,0 
50 45,0 5,0 53,267956 2,0 0,033 0,0 10,0 43,267956 -0,0 
50 45,0 5,0 53,323456 2,0 0,033 0,0 10,0 43,323456 0,0 
50 45,5 4,5 52,373405 2,0 0,033 0,0 9,0 43,373405 -0,0 
50 44,0 6,0 55,440010 2,0 0,033 0,0 12,0 43,440010 0,0 
50 45,0 5,0 53,495510 2,0 0,033 0,0 10,0 43,495510 -0,0 
50 45,0 5,0 53,551010 2,0 0,033 0,0 10,0 43,551010 0,0 
50 45,0 5,0 53,606514 2,0 0,033 0,0 10,0 43,606514 0,0 
50 45,0 5,0 53,662014 2,0 0,033 0,0 10,0 43,662014 0,0 
50 45,0 5,0 53,717514 2,0 0,033 0,0 10,0 43,717514 0,0 
50 45,0 5,0 53,773018 2,0 0,033 0,0 10,0 43,773018 0,0 
50 45,0 5,0 53,828518 2,0 0,033 0,0 10,0 43,828518 0,0 
50 45,0 5,0 53,884018 2,0 0,033 0,0 10,0 43,884018 0,0 
50 45,0 5,0 53,939522 2,0 0,033 0,0 10,0 43,939522 0,0 
50 45,0 5,0 53,995022 2,0 0,033 0,0 10,0 43,995022 0,0 
50 45,0 5,0 54,050522 2,0 0,033 0,0 10,0 44,050522 0,0 
50 45,0 5,0 54,106026 2,0 0,033 0,0 10,0 44,106026 0,0 
50 45,0 5,0 54,161526 2,0 0,033 0,0 10,0 44,161526 0,0 
50 45,0 5,0 54,217026 2,0 0,033 0,0 10,0 44,217026 0,0 
50 45,0 5,0 54,272530 2,0 0,033 0,0 10,0 44,272530 0,0 
50 45,0 5,0 54,328030 2,0 0,033 0,0 10,0 44,328030 0,0 
50 45,0 5,0 54,383530 2,0 0,033 0,0 10,0 44,383530 0,0 
50 45,5 4,5 53,433483 2,0 0,033 0,0 9,0 44,433483 -0,0 
50 45,5 4,5 53,483433 2,0 0,033 0,0 9,0 44,483433 0,0 
50 45,5 4,5 53,533386 2,0 0,033 0,0 9,0 44,533386 0,0 
50 45,5 4,5 53,583336 2,0 0,033 0,0 9,0 44,583336 0,0 
50 45,5 4,5 53,633286 2,0 0,033 0,0 9,0 44,633286 0,0 
50 45,5 4,5 53,683239 2,0 0,033 0,0 9,0 44,683239 0,0 
50 45,5 4,5 53,733189 2,0 0,033 0,0 9,0 44,733189 0,0 
50 45,5 4,5 53,783142 2,0 0,033 0,0 9,0 44,783142 0,0 
50 45,5 4,5 53,833092 2,0 0,033 0,0 9,0 44,833092 0,0 
50 45,5 4,5 53,883041 2,0 0,033 0,0 9,0 44,883041 0,0 
50 45,5 4,5 53,932995 2,0 0,033 0,0 9,0 44,932995 0,0 
50 45,5 4,5 53,982944 2,0 0,033 0,0 9,0 44,982944 0,0 
50 45,5 4,5 54,032898 2,0 0,033 0,0 9,0 45,032898 0,0 
50 45,5 4,5 54,082848 2,0 0,033 0,0 9,0 45,082848 0,0 
50 45,5 4,5 54,132797 2,0 0,033 0,0 9,0 45,132797 0,0 
50 45,5 4,5 54,182751 2,0 0,033 0,0 9,0 45,182751 0,0 
50 45,5 4,5 54,232700 2,0 0,033 0,0 9,0 45,232700 0,0 
50 45,5 4,5 54,282654 2,0 0,033 0,0 9,0 45,282654 0,0 
50 45,5 4,5 54,332603 2,0 0,033 0,0 9,0 45,332603 0,0 
50 45,5 4,5 54,382553 2,0 0,033 0,0 9,0 45,382553 0,0 
50 45,5 4,5 54,432507 2,0 0,033 0,0 9,0 45,432507 0,0 
50 45,0 5,0 55,488007 2,0 0,033 0,0 10,0 45,488007 0,0 
50 46,5 3,5 52,526859 2,0 0,033 0,0 7,0 45,526859 -0,0 
50 45,5 4,5 54,576809 2,0 0,033 0,0 9,0 45,576809 0,0 
50 45,5 4,5 54,626759 2,0 0,033 0,0 9,0 45,626759 0,0 
50 45,5 4,5 54,676712 2,0 0,033 0,0 9,0 45,676712 0,0 
50 45,0 5,0 55,732212 2,0 0,033 0,0 10,0 45,732212 0,0 
50 46,0 4,0 53,776615 2,0 0,033 0,0 8,0 45,776615 -0,0 
50 46,0 4,0 53,821014 2,0 0,033 0,0 8,0 45,821014 0,0 
50 46,0 4,0 53,865417 2,0 0,033 0,0 8,0 45,865417 0,0 
50 46,0 4,0 53,909817 2,0 0,033 0,0 8,0 45,909817 0,0 
50 46,0 4,0 53,954216 2,0 0,033 0,0 8,0 45,954216 0,0 
50 46,5 3,5 52,993069 2,0 0,033 0,0 7,0 45,993069 -0,0 
50 45,0 5,0 56,048569 2,0 0,033 0,0 10,0 46,048569 0,0 
50 46,0 4,0 54,092972 2,0 0,033 0,0 8,0 46,092972 -0,0 
50 46,0 4,0 54,137371 2,0 0,033 0,0 8,0 46,137371 0,0 
50 46,0 4,0 54,181774 2,0 0,033 0,0 8,0 46,181774 0,0 
50 46,0 4,0 54,226173 2,0 0,033 0,0 8,0 46,226173 0,0 
50 46,0 4,0 54,270576 2,0 0,033 0,0 8,0 46,270576 0,0 
50 46,0 4,0 54,314976 2,0 0,033 0,0 8,0 46,314976 0,0 
50 46,0 4,0 54,359379 2,0 0,033 0,0 8,0 46,359379 0,0 
50 46,0 4,0 54,403778 2,0 0,033 0,0 8,0 46,403778 0,0 
50 46,0 4,0 54,448181 2,0 0,033 0,0 8,0 46,448181 0,0 
50 46,0 4,0 54,492580 2,0 0,033 0,0 8,0 46,492580 0,0 
50 46,0 4,0 54,536983 2,0 0,033 0,0 8,0 46,536983 0,0 
50 46,0 4,0 54,581383 2,0 0,033 0,0 8,0 46,581383 0,0 
50 46,0 4,0 54,625782 2,0 0,033 0,0 8,0 46,625782 0,0 
50 46,0 4,0 54,670185 2,0 0,033 0,0 8,0 46,670185 0,0 
50 46,0 4,0 54,714584 2,0 0,033 0,0 8,0 46,714584 0,0 
50 46,0 4,0 54,758987 2,0 0,033 0,0 8,0 46,758987 0,0 
50 46,5 3,5 53,797836 2,0 0,033 0,0 7,0 46,797836 -0,0 
50 46,0 4,0 54,842239 2,0 0,033 0,0 8,0 46,842239 0,0 
50 46,5 3,5 53,881088 2,0 0,033 0,0 7,0 46,881088 -0,0 
50 46,0 4,0 54,925491 2,0 0,033 0,0 8,0 46,925491 0,0 
50 46,0 4,0 54,969891 2,0 0,033 0,0 8,0 46,969891 0,0 
50 46,5 3,5 54,008743 2,0 0,033 0,0 7,0 47,008743 -0,0 
50 46,0 4,0 55,053143 2,0 0,033 0,0 8,0 47,053143 0,0 
50 46,5 3,5 54,091995 2,0 0,033 0,0 7,0 47,091995 -0,0 
50 46,5 3,5 54,130844 2,0 0,033 0,0 7,0 47,130844 0,0 
50 46,5 3,5 54,169697 2,0 0,033 0,0 7,0 47,169697 0,0 
50 46,5 3,5 54,208546 2,0 0,033 0,0 7,0 47,208546 0,0 
50 46,5 3,5 54,247398 2,0 0,033 0,0 7,0 47,247398 0,0 
50 46,5 3,5 54,286251 2,0 0,033 0,0 7,0 47,286251 0,0 
50 46,5 3,5 54,325100 2,0 0,033 0,0 7,0 47,325100 0,0 
50 46,5 3,5 54,363953 2,0 0,033 0,0 7,0 47,363953 0,0 
50 46,5 3,5 54,402802 2,0 0,033 0,0 7,0 47,402802 0,0 
50 46,5 3,5 54,441654 2,0 0,033 0,0 7,0 47,441654 0,0 
50 46,5 3,5 54,480503 2,0 0,033 0,0 7,0 47,480503 0,0 
50 46,5 3,5 54,519356 2,0 0,033 0,0 7,0 47,519356 0,0 
50 46,5 3,5 54,558205 2,0 0,033 0,0 7,0 47,558205 0,0 
50 46,5 3,5 54,597057 2,0 0,033 0,0 7,0 47,597057 0,0 
50 46,5 3,5 54,635906 2,0 0,033 0,0 7,0 47,635906 0,0 
50 46,5 3,5 54,674759 2,0 0,033 0,0 7,0 47,674759 0,0 
50 46,5 3,5 54,713608 2,0 0,033 0,0 7,0 47,713608 0,0 
50 46,5 3,5 54,752460 2,0 0,033 0,0 7,0 47,752460 0,0 
50 46,5 3,5 54,791309 2,0 0,033 0,0 7,0 47,791309 0,0 
50 46,5 3,5 54,830162 2,0 0,033 0,0 7,0 47,830162 0,0 
50 46,5 3,5 54,869015 2,0 0,033 0,0 7,0 47,869015 0,0 
50 46,5 3,5 54,907864 2,0 0,033 0,0 7,0 47,907864 0,0 
50 46,5 3,5 54,946716 2,0 0,033 0,0 7,0 47,946716 0,0 
50 46,5 3,5 54,985565 2,0 0,033 0,0 7,0 47,985565 0,0 
50 46,5 3,5 55,024418 2,0 0,033 0,0 7,0 48,024418 0,0 
50 46,0 4,0 56,068817 2,0 0,033 0,0 8,0 48,068817 0,0 
50 47,5 2,5 53,096569 2,0 0,033 0,0 5,0 48,096569 -0,0 
50 46,0 4,0 56,140968 2,0 0,033 0,0 8,0 48,140968 0,0 
50 47,5 2,5 53,168720 2,0 0,033 0,0 5,0 48,168720 -0,0 
50 46,5 3,5 55,207569 2,0 0,033 0,0 7,0 48,207569 0,0 
50 46,0 4,0 56,251972 2,0 0,033 0,0 8,0 48,251972 0,0 
50 47,5 2,5 53,279724 2,0 0,033 0,0 5,0 48,279724 -0,0 
50 46,5 3,5 55,318573 2,0 0,033 0,0 7,0 48,318573 0,0 
50 46,0 4,0 56,362976 2,0 0,033 0,0 8,0 48,362976 0,0 
50 47,0 3,0 54,396275 2,0 0,033 0,0 6,0 48,396275 -0,0 
50 47,0 3,0 54,429577 2,0 0,033 0,0 6,0 48,429577 0,0 
50 47,0 3,0 54,462875 2,0 0,033 0,0 6,0 48,462875 0,0 
50 47,0 3,0 54,496178 2,0 0,033 0,0 6,0 48,496178 0,0 
50 47,0 3,0 54,529480 2,0 0,033 0,0 6,0 48,529480 0,0 
50 47,0 3,0 54,562778 2,0 0,033 0,0 6,0 48,562778 0,0 
50 47,0 3,0 54,596081 2,0 0,033 0,0 6,0 48,596081 0,0 
50 47,0 3,0 54,629379 2,0 0,033 0,0 6,0 48,629379 0,0 
50 47,0 3,0 54,662682 2,0 0,033 0,0 6,0 48,662682 0,0 
50 47,0 3,0 54,695984 2,0 0,033 0,0 6,0 48,695984 0,0 
50 47,0 3,0 54,729282 2,0 0,033 0,0 6,0 48,729282 0,0 
50 47,0 3,0 54,762585 2,0 0,033 0,0 6,0 48,762585 0,0 
50 47,0 3,0 54,795883 2,0 0,033 0,0 6,0 48,795883 0,0 
50 47,0 3,0 54,829185 2,0 0,033 0,0 6,0 48,829185 0,0 
50 47,0 3,0 54,862488 2,0 0,033 0,0 6,0 48,862488 0,0 
50 47,0 3,0 54,895786 2,0 0,033 0,0 6,0 48,895786 0,0 
50 47,0 3,0 54,929089 2,0 0,033 0,0 6,0 48,929089 0,0 
50 47,0 3,0 54,962387 2,0 0,033 0,0 6,0 48,962387 0,0 
50 47,0 3,0 54,995689 2,0 0,033 0,0 6,0 48,995689 0,0 
50 47,0 3,0 55,028992 2,0 0,033 0,0 6,0 49,028992 0,0 
50 47,0 3,0 55,062290 2,0 0,033 0,0 6,0 49,062290 0,0 
50 47,0 3,0 55,095592 2,0 0,033 0,0 6,0 49,095592 0,0 
50 47,0 3,0 55,128891 2,0 0,033 0,0 6,0 49,128891 0,0 
50 47,0 3,0 55,162193 2,0 0,033 0,0 6,0 49,162193 0,0 
50 47,0 3,0 55,195496 2,0 0,033 0,0 6,0 49,195496 0,0 
50 47,5 2,5 54,223244 2,0 0,033 0,0 5,0 49,223244 -0,0 
50 47,0 3,0 55,256546 2,0 0,033 0,0 6,0 49,256546 0,0 
50 47,0 3,0 55,289845 2,0 0,033 0,0 6,0 49,289845 0,0 
50 47,0 3,0 55,323147 2,0 0,033 0,0 6,0 49,323147 0,0 
50 47,5 2,5 54,350899 2,0 0,033 0,0 5,0 49,350899 -0,0 
50 47,0 3,0 55,384197 2,0 0,033 0,0 6,0 49,384197 0,0 
50 47,0 3,0 55,417500 2,0 0,033 0,0 6,0 49,417500 0,0 
50 47,0 3,0 55,450802 2,0 0,033 0,0 6,0 49,450802 0,0 
50 47,5 2,5 54,478550 2,0 0,033 0,0 5,0 49,478550 -0,0 
50 47,5 2,5 54,506302 2,0 0,033 0,0 5,0 49,506302 0,0 
50 47,5 2,5 54,534054 2,0 0,033 0,0 5,0 49,534054 0,0 
50 47,0 3,0 55,567352 2,0 0,033 0,0 6,0 49,567352 0,0 
50 47,5 2,5 54,595104 2,0 0,033 0,0 5,0 49,595104 -0,0 
50 47,5 2,5 54,622852 2,0 0,033 0,0 5,0 49,622852 0,0 
50 47,5 2,5 54,650604 2,0 0,033 0,0 5,0 49,650604 0,0 
50 47,5 2,5 54,678356 2,0 0,033 0,0 5,0 49,678356 0,0 
50 47,5 2,5 54,706104 2,0 0,033 0,0 5,0 49,706104 0,0 
50 47,5 2,5 54,733856 2,0 0,033 0,0 5,0 49,733856 0,0 
50 47,5 2,5 54,761608 2,0 0,033 0,0 5,0 49,761608 0,0 
50 47,5 2,5 54,789356 2,0 0,033 0,0 5,0 49,789356 0,0 
50 47,5 2,5 54,817108 2,0 0,033 0,0 5,0 49,817108 0,0 
50 47,5 2,5 54,844860 2,0 0,033 0,0 5,0 49,844860 0,0 
50 47,5 2,5 54,872608 2,0 0,033 0,0 5,0 49,872608 0,0 
50 47,5 2,5 54,900360 2,0 0,033 0,0 5,0 49,900360 0,0 
50 47,5 2,5 54,928112 2,0 0,033 0,0 5,0 49,928112 0,0 
50 47,5 2,5 54,955860 2,0 0,033 0,0 5,0 49,955860 0,0 
50 47,5 2,5 54,983612 2,0 0,033 0,0 5,0 49,983612 0,0 
50 47,5 2,5 55,011364 2,0 0,033 0,0 5,0 50,011364 0,0 
50 47,5 2,5 55,039112 2,0 0,033 0,0 5,0 50,039112 0,0 
50 47,5 2,5 55,066864 2,0 0,033 0,0 5,0 50,066864 0,0 
50 47,5 2,5 55,094616 2,0 0,033 0,0 5,0 50,094616 0,0 
50 47,5 2,5 55,122364 2,0 0,033 0,0 5,0 50,122364 0,0 
50 47,5 2,5 55,150116 2,0 0,033 0,0 5,0 50,150116 0,0 
50 47,5 2,5 55,177868 2,0 0,033 0,0 5,0 50,177868 0,0 
50 47,5 2,5 55,205616 2,0 0,033 0,0 5,0 50,205616 0,0 
50 47,5 2,5 55,233368 2,0 0,033 0,0 5,0 50,233368 0,0 
50 47,0 3,0 56,266670 2,0 0,033 0,0 6,0 50,266670 0,0 
50 48,0 2,0 54,288868 2,0 0,033 0,0 4,0 50,288868 -0,0 
50 48,5 1,5 53,305519 2,0 0,033 0,0 3,0 50,305519 -0,0 
50 47,5 2,5 55,333271 2,0 0,033 0,0 5,0 50,333271 0,0 
50 47,0 3,0 56,366573 2,0 0,033 0,0 6,0 50,366573 0,0 
50 48,0 2,0 54,388771 2,0 0,033 0,0 4,0 50,388771 -0,0 
50 48,5 1,5 53,405422 2,0 0,033 0,0 3,0 50,405422 -0,0 
50 47,5 2,5 55,433174 2,0 0,033 0,0 5,0 50,433174 0,0 
50 47,0 3,0 56,466473 2,0 0,033 0,0 6,0 50,466473 0,0 
50 48,5 1,5 53,483124 2,0 0,033 0,0 3,0 50,483124 -0,0 
50 47,0 3,0 56,516426 2,0 0,033 0,0 6,0 50,516426 0,0 
50 48,0 2,0 54,538624 2,0 0,033 0,0 4,0 50,538624 -0,0 
50 48,0 2,0 54,560825 2,0 0,033 0,0 4,0 50,560825 0,0 
50 48,0 2,0 54,583027 2,0 0,033 0,0 4,0 50,583027 0,0 
50 48,0 2,0 54,605228 2,0 0,033 0,0 4,0 50,605228 0,0 
50 48,0 2,0 54,627426 2,0 0,033 0,0 4,0 50,627426 0,0 
50 48,0 2,0 54,649628 2,0 0,033 0,0 4,0 50,649628 0,0 
50 48,0 2,0 54,671829 2,0 0,033 0,0 4,0 50,671829 0,0 
50 48,0 2,0 54,694031 2,0 0,033 0,0 4,0 50,694031 0,0 
50 48,0 2,0 54,716228 2,0 0,033 0,0 4,0 50,716228 0,0 
50 48,0 2,0 54,738430 2,0 0,033 0,0 4,0 50,738430 0,0 
50 48,0 2,0 54,760632 2,0 0,033 0,0 4,0 50,760632 0,0 
50 48,0 2,0 54,782833 2,0 0,033 0,0 4,0 50,782833 0,0 
50 48,0 2,0 54,805031 2,0 0,033 0,0 4,0 50,805031 0,0 
50 48,0 2,0 54,827232 2,0 0,033 0,0 4,0 50,827232 0,0 
50 48,0 2,0 54,849434 2,0 0,033 0,0 4,0 50,849434 0,0 
50 48,0 2,0 54,871632 2,0 0,033 0,0 4,0 50,871632 0,0 
50 48,0 2,0 54,893833 2,0 0,033 0,0 4,0 50,893833 0,0 
50 48,0 2,0 54,916035 2,0 0,033 0,0 4,0 50,916035 0,0 
50 48,0 2,0 54,938236 2,0 0,033 0,0 4,0 50,938236 0,0 
50 48,0 2,0 54,960434 2,0 0,033 0,0 4,0 50,960434 0,0 
50 48,0 2,0 54,982635 2,0 0,033 0,0 4,0 50,982635 0,0 
50 48,0 2,0 55,004837 2,0 0,033 0,0 4,0 51,004837 0,0 
50 48,0 2,0 55,027039 2,0 0,033 0,0 4,0 51,027039 0,0 
50 48,0 2,0 55,049236 2,0 0,033 0,0 4,0 51,049236 0,0 
50 48,0 2,0 55,071438 2,0 0,033 0,0 4,0 51,071438 0,0 
50 48,0 2,0 55,093639 2,0 0,033 0,0 4,0 51,093639 0,0 
50 48,0 2,0 55,115841 2,0 0,033 0,0 4,0 51,115841 0,0 
50 48,0 2,0 55,138039 2,0 0,033 0,0 4,0 51,138039 0,0 
50 48,0 2,0 55,160240 2,0 0,033 0,0 4,0 51,160240 0,0 
50 48,0 2,0 55,182442 2,0 0,033 0,0 4,0 51,182442 0,0 
50 48,0 2,0 55,204643 2,0 0,033 0,0 4,0 51,204643 0,0 
50 48,5 1,5 54,221291 2,0 0,033 0,0 3,0 51,221291 -0,0 
50 48,0 2,0 55,243492 2,0 0,033 0,0 4,0 51,243492 0,0 
50 48,5 1,5 54,260143 2,0 0,033 0,0 3,0 51,260143 -0,0 
50 48,5 1,5 54,276794 2,0 0,033 0,0 3,0 51,276794 0,0 
50 48,5 1,5 54,293442 2,0 0,033 0,0 3,0 51,293442 0,0 
50 48,5 1,5 54,310093 2,0 0,033 0,0 3,0 51,310093 0,0 
50 48,5 1,5 54,326744 2,0 0,033 0,0 3,0 51,326744 0,0 
50 48,5 1,5 54,343395 2,0 0,033 0,0 3,0 51,343395 0,0 
50 48,5 1,5 54,360046 2,0 0,033 0,0 3,0 51,360046 0,0 
50 48,5 1,5 54,376694 2,0 0,033 0,0 3,0 51,376694 0,0 
50 48,5 1,5 54,393345 2,0 0,033 0,0 3,0 51,393345 0,0 
50 48,5 1,5 54,409996 2,0 0,033 0,0 3,0 51,409996 0,0 
50 48,5 1,5 54,426647 2,0 0,033 0,0 3,0 51,426647 0,0 
50 48,5 1,5 54,443298 2,0 0,033 0,0 3,0 51,443298 0,0 
50 48,5 1,5 54,459946 2,0 0,033 0,0 3,0 51,459946 0,0 
50 48,5 1,5 54,476597 2,0 0,033 0,0 3,0 51,476597 0,0 
50 48,5 1,5 54,493248 2,0 0,033 0,0 3,0 51,493248 0,0 
50 48,5 1,5 54,509899 2,0 0,033 0,0 3,0 51,509899 0,0 
50 48,5 1,5 54,526550 2,0 0,033 0,0 3,0 51,526550 0,0 
50 48,5 1,5 54,543198 2,0 0,033 0,0 3,0 51,543198 0,0 
50 48,5 1,5 54,559849 2,0 0,033 0,0 3,0 51,559849 0,0 
50 48,5 1,5 54,576500 2,0 0,033 0,0 3,0 51,576500 0,0 
50 48,5 1,5 54,593151 2,0 0,033 0,0 3,0 51,593151 0,0 
50 48,5 1,5 54,609802 2,0 0,033 0,0 3,0 51,609802 0,0 
50 48,5 1,5 54,626450 2,0 0,033 0,0 3,0 51,626450 0,0 
50 48,5 1,5 54,643101 2,0 0,033 0,0 3,0 51,643101 0,0 
50 48,5 1,5 54,659752 2,0 0,033 0,0 3,0 51,659752 0,0 
50 48,5 1,5 54,676403 2,0 0,033 0,0 3,0 51,676403 0,0 
50 48,5 1,5 54,693054 2,0 0,033 0,0 3,0 51,693054 0,0 
50 48,5 1,5 54,709702 2,0 0,033 0,0 3,0 51,709702 0,0 
50 48,5 1,5 54,726353 2,0 0,033 0,0 3,0 51,726353 0,0 
50 48,5 1,5 54,743004 2,0 0,033 0,0 3,0 51,743004 0,0 
50 48,5 1,5 54,759655 2,0 0,033 0,0 3,0 51,759655 0,0 
50 48,5 1,5 54,776306 2,0 0,033 0,0 3,0 51,776306 0,0 
50 48,5 1,5 54,792953 2,0 0,033 0,0 3,0 51,792953 0,0 
50 48,5 1,5 54,809605 2,0 0,033 0,0 3,0 51,809605 0,0 
50 48,5 1,5 54,826256 2,0 0,033 0,0 3,0 51,826256 0,0 
50 48,5 1,5 54,842907 2,0 0,033 0,0 3,0 51,842907 0,0 
50 48,5 1,5 54,859558 2,0 0,033 0,0 3,0 51,859558 0,0 
50 48,5 1,5 54,876205 2,0 0,033 0,0 3,0 51,876205 0,0 
50 48,5 1,5 54,892857 2,0 0,033 0,0 3,0 51,892857 0,0 
50 48,5 1,5 54,909508 2,0 0,033 0,0 3,0 51,909508 0,0 
50 48,5 1,5 54,926159 2,0 0,033 0,0 3,0 51,926159 0,0 
50 48,5 1,5 54,942810 2,0 0,033 0,0 3,0 51,942810 0,0 
50 48,5 1,5 54,959457 2,0 0,033 0,0 3,0 51,959457 0,0 
50 48,5 1,5 54,976109 2,0 0,033 0,0 3,0 51,976109 0,0 
50 48,5 1,5 54,992760 2,0 0,033 0,0 3,0 51,992760 0,0 
50 48,5 1,5 55,009411 2,0 0,033 0,0 3,0 52,009411 0,0 
50 48,5 1,5 55,026062 2,0 0,033 0,0 3,0 52,026062 0,0 
50 48,5 1,5 55,042709 2,0 0,033 0,0 3,0 52,042709 0,0 
50 48,5 1,5 55,059361 2,0 0,033 0,0 3,0 52,059361 0,0 
50 48,5 1,5 55,076012 2,0 0,033 0,0 3,0 52,076012 0,0 
50 48,5 1,5 55,092663 2,0 0,033 0,0 3,0 52,092663 0,0 
50 48,5 1,5 55,109314 2,0 0,033 0,0 3,0 52,109314 0,0 
50 48,5 1,5 55,125961 2,0 0,033 0,0 3,0 52,125961 0,0 
50 48,5 1,5 55,142612 2,0 0,033 0,0 3,0 52,142612 0,0 
50 48,0 2,0 56,164814 2,0 0,033 0,0 4,0 52,164814 0,0 
50 49,5 0,5 53,170364 2,0 0,033 0,0 1,0 52,170364 -0,0 
50 48,0 2,0 56,192566 2,0 0,033 0,0 4,0 52,192566 0,0 
50 49,5 0,5 53,198116 2,0 0,033 0,0 1,0 52,198116 -0,0 
50 48,5 1,5 55,214764 2,0 0,033 0,0 3,0 52,214764 0,0 
50 48,5 1,5 55,231415 2,0 0,033 0,0 3,0 52,231415 0,0 
50 48,5 1,5 55,248066 2,0 0,033 0,0 3,0 52,248066 0,0 
50 48,0 2,0 56,270267 2,0 0,033 0,0 4,0 52,270267 0,0 
50 49,5 0,5 53,275818 2,0 0,033 0,0 1,0 52,275818 -0,0 
50 48,5 1,5 55,292465 2,0 0,033 0,0 3,0 52,292465 0,0 
50 48,0 2,0 56,314667 2,0 0,033 0,0 4,0 52,314667 0,0 
50 49,0 1,0 54,325768 2,0 0,033 0,0 2,0 52,325768 -0,0 
50 49,5 0,5 53,331318 2,0 0,033 0,0 1,0 52,331318 -0,0 
50 48,0 2,0 56,353519 2,0 0,033 0,0 4,0 52,353519 0,0 
50 49,0 1,0 54,364620 2,0 0,033 0,0 2,0 52,364620 -0,0 
50 49,0 1,0 54,375717 2,0 0,033 0,0 2,0 52,375717 0,0 
50 49,0 1,0 54,386818 2,0 0,033 0,0 2,0 52,386818 0,0 
50 49,0 1,0 54,397919 2,0 0,033 0,0 2,0 52,397919 0,0 
50 49,0 1,0 54,409019 2,0 0,033 0,0 2,0 52,409019 0,0 
50 49,0 1,0 54,420120 2,0 0,033 0,0 2,0 52,420120 0,0 
50 49,0 1,0 54,431221 2,0 0,033 0,0 2,0 52,431221 0,0 
50 49,0 1,0 54,442322 2,0 0,033 0,0 2,0 52,442322 0,0 
50 49,0 1,0 54,453423 2,0 0,033 0,0 2,0 52,453423 0,0 
50 49,0 1,0 54,464520 2,0 0,033 0,0 2,0 52,464520 0,0 
50 49,0 1,0 54,475620 2,0 0,033 0,0 2,0 52,475620 0,0 
50 49,0 1,0 54,486721 2,0 0,033 0,0 2,0 52,486721 0,0 
50 49,0 1,0 54,497822 2,0 0,033 0,0 2,0 52,497822 0,0 
50 49,0 1,0 54,508923 2,0 0,033 0,0 2,0 52,508923 0,0 
50 49,0 1,0 54,520023 2,0 0,033 0,0 2,0 52,520023 0,0 
50 49,0 1,0 54,531124 2,0 0,033 0,0 2,0 52,531124 0,0 
50 49,0 1,0 54,542221 2,0 0,033 0,0 2,0 52,542221 0,0 
50 49,0 1,0 54,553322 2,0 0,033 0,0 2,0 52,553322 0,0 
50 49,0 1,0 54,564423 2,0 0,033 0,0 2,0 52,564423 0,0 
50 49,0 1,0 54,575523 2,0 0,033 0,0 2,0 52,575523 0,0 
50 49,0 1,0 54,586624 2,0 0,033 0,0 2,0 52,586624 0,0 
50 49,0 1,0 54,597725 2,0 0,033 0,0 2,0 52,597725 0,0 
50 49,0 1,0 54,608826 2,0 0,033 0,0 2,0 52,608826 0,0 
50 49,0 1,0 54,619926 2,0 0,033 0,0 2,0 52,619926 0,0 
50 49,0 1,0 54,631023 2,0 0,033 0,0 2,0 52,631023 0,0 
50 49,0 1,0 54,642124 2,0 0,033 0,0 2,0 52,642124 0,0 
50 49,0 1,0 54,653225 2,0 0,033 0,0 2,0 52,653225 0,0 
50 49,0 1,0 54,664326 2,0 0,033 0,0 2,0 52,664326 0,0 
50 49,0 1,0 54,675426 2,0 0,033 0,0 2,0 52,675426 0,0 
50 49,0 1,0 54,686527 2,0 0,033 0,0 2,0 52,686527 0,0 
50 49,0 1,0 54,697628 2,0 0,033 0,0 2,0 52,697628 0,0 
50 49,0 1,0 54,708725 2,0 0,033 0,0 2,0 52,708725 0,0 
50 49,0 1,0 54,719826 2,0 0,033 0,0 2,0 52,719826 0,0 
50 49,0 1,0 54,730927 2,0 0,033 0,0 2,0 52,730927 0,0 
50 49,0 1,0 54,742027 2,0 0,033 0,0 2,0 52,742027 0,0 
50 49,0 1,0 54,753128 2,0 0,033 0,0 2,0 52,753128 0,0 
50 49,0 1,0 54,764229 2,0 0,033 0,0 2,0 52,764229 0,0 
50 49,0 1,0 54,775330 2,0 0,033 0,0 2,0 52,775330 0,0 
50 49,0 1,0 54,786430 2,0 0,033 0,0 2,0 52,786430 0,0 
50 49,0 1,0 54,797527 2,0 0,033 0,0 2,0 52,797527 0,0 
50 49,0 1,0 54,808628 2,0 0,033 0,0 2,0 52,808628 0,0 
50 49,0 1,0 54,819729 2,0 0,033 0,0 2,0 52,819729 0,0 
50 49,0 1,0 54,830830 2,0 0,033 0,0 2,0 52,830830 0,0 
50 49,0 1,0 54,841930 2,0 0,033 0,0 2,0 52,841930 0,0 
50 49,0 1,0 54,853031 2,0 0,033 0,0 2,0 52,853031 0,0 
50 49,0 1,0 54,864132 2,0 0,033 0,0 2,0 52,864132 0,0 
50 49,0 1,0 54,875229 2,0 0,033 0,0 2,0 52,875229 0,0 
50 49,0 1,0 54,886330 2,0 0,033 0,0 2,0 52,886330 0,0 
50 49,0 1,0 54,897430 2,0 0,033 0,0 2,0 52,897430 0,0 
50 49,0 1,0 54,908531 2,0 0,033 0,0 2,0 52,908531 0,0 
50 49,0 1,0 54,919632 2,0 0,033 0,0 2,0 52,919632 0,0 
50 49,0 1,0 54,930733 2,0 0,033 0,0 2,0 52,930733 0,0 
50 49,0 1,0 54,941833 2,0 0,033 0,0 2,0 52,941833 0,0 
50 49,0 1,0 54,952934 2,0 0,033 0,0 2,0 52,952934 0,0 
50 49,0 1,0 54,964031 2,0 0,033 0,0 2,0 52,964031 0,0 
50 49,0 1,0 54,975132 2,0 0,033 0,0 2,0 52,975132 0,0 
50 49,0 1,0 54,986233 2,0 0,033 0,0 2,0 52,986233 0,0 
50 49,0 1,0 54,997334 2,0 0,033 0,0 2,0 52,997334 0,0 
50 49,0 1,0 55,008434 2,0 0,033 0,0 2,0 53,008434 0,0 
50 49,0 1,0 55,019535 2,0 0,033 0,0 2,0 53,019535 0,0 
50 49,0 1,0 55,030636 2,0 0,033 0,0 2,0 53,030636 0,0 
50 49,0 1,0 55,041733 2,0 0,033 0,0 2,0 53,041733 0,0 
50 49,0 1,0 55,052834 2,0 0,033 0,0 2,0 53,052834 0,0 
50 49,0 1,0 55,063934 2,0 0,033 0,0 2,0 53,063934 0,0 
50 49,0 1,0 55,075035 2,0 0,033 0,0 2,0 53,075035 0,0 
50 49,0 1,0 55,086136 2,0 0,033 0,0 2,0 53,086136 0,0 
50 49,0 1,0 55,097237 2,0 0,033 0,0 2,0 53,097237 0,0 
50 49,0 1,0 55,108337 2,0 0,033 0,0 2,0 53,108337 0,0 
50 49,0 1,0 55,119438 2,0 0,033 0,0 2,0 53,119438 0,0 
50 49,0 1,0 55,130535 2,0 0,033 0,0 2,0 53,130535 0,0 
50 49,5 0,5 54,136086 2,0 0,033 0,0 1,0 53,136086 -0,0 
50 49,0 1,0 55,147186 2,0 0,033 0,0 2,0 53,147186 0,0 
50 49,0 1,0 55,158287 2,0 0,033 0,0 2,0 53,158287 0,0 
50 49,5 0,5 54,163837 2,0 0,033 0,0 1,0 53,163837 -0,0 
50 49,5 0,5 54,169388 2,0 0,033 0,0 1,0 53,169388 0,0 
50 49,5 0,5 54,174938 2,0 0,033 0,0 1,0 53,174938 0,0 
50 49,0 1,0 55,186039 2,0 0,033 0,0 2,0 53,186039 0,0 
50 49,0 1,0 55,197140 2,0 0,033 0,0 2,0 53,197140 0,0 
50 49,0 1,0 55,208237 2,0 0,033 0,0 2,0 53,208237 0,0 
50 49,5 0,5 54,213787 2,0 0,033 0,0 1,0 53,213787 -0,0 
50 49,5 0,5 54,219337 2,0 0,033 0,0 1,0 53,219337 0,0 
50 49,5 0,5 54,224888 2,0 0,033 0,0 1,0 53,224888 0,0 
50 49,5 0,5 54,230438 2,0 0,033 0,0 1,0 53,230438 0,0 
50 49,5 0,5 54,235989 2,0 0,033 0,0 1,0 53,235989 0,0 
50 49,5 0,5 54,241539 2,0 0,033 0,0 1,0 53,241539 0,0 
50 49,5 0,5 54,247089 2,0 0,033 0,0 1,0 53,247089 0,0 
50 49,5 0,5 54,252640 2,0 0,033 0,0 1,0 53,252640 0,0 
50 49,5 0,5 54,258190 2,0 0,033 0,0 1,0 53,258190 0,0 
50 49,5 0,5 54,263741 2,0 0,033 0,0 1,0 53,263741 0,0 
50 49,5 0,5 54,269291 2,0 0,033 0,0 1,0 53,269291 0,0 
50 49,5 0,5 54,274841 2,0 0,033 0,0 1,0 53,274841 0,0 
50 49,5 0,5 54,280392 2,0 0,033 0,0 1,0 53,280392 0,0 
50 49,5 0,5 54,285942 2,0 0,033 0,0 1,0 53,285942 0,0 
50 49,5 0,5 54,291489 2,0 0,033 0,0 1,0 53,291489 0,0 
50 49,5 0,5 54,297039 2,0 0,033 0,0 1,0 53,297039 0,0 
50 49,5 0,5 54,302589 2,0 0,033 0,0 1,0 53,302589 0,0 
50 49,5 0,5 54,308140 2,0 0,033 0,0 1,0 53,308140 0,0 
50 49,5 0,5 54,313690 2,0 0,033 0,0 1,0 53,313690 0,0 
50 49,5 0,5 54,319241 2,0 0,033 0,0 1,0 53,319241 0,0 
50 49,5 0,5 54,324791 2,0 0,033 0,0 1,0 53,324791 0,0 
50 49,5 0,5 54,330341 2,0 0,033 0,0 1,0 53,330341 0,0 
50 49,5 0,5 54,335892 2,0 0,033 0,0 1,0 53,335892 0,0 
50 49,5 0,5 54,341442 2,0 0,033 0,0 1,0 53,341442 0,0 
50 49,5 0,5 54,346992 2,0 0,033 0,0 1,0 53,346992 0,0 
50 49,5 0,5 54,352543 2,0 0,033 0,0 1,0 53,352543 0,0 
50 49,5 0,5 54,358093 2,0 0,033 0,0 1,0 53,358093 0,0 
50 49,5 0,5 54,363644 2,0 0,033 0,0 1,0 53,363644 0,0 
50 49,5 0,5 54,369194 2,0 0,033 0,0 1,0 53,369194 0,0 
50 49,5 0,5 54,374741 2,0 0,033 0,0 1,0 53,374741 0,0 
50 49,5 0,5 54,380291 2,0 0,033 0,0 1,0 53,380291 0,0 
50 49,5 0,5 54,385841 2,0 0,033 0,0 1,0 53,385841 0,0 
50 49,5 0,5 54,391392 2,0 0,033 0,0 1,0 53,391392 0,0 
50 49,5 0,5 54,396942 2,0 0,033 0,0 1,0 53,396942 0,0 
50 49,5 0,5 54,402493 2,0 0,033 0,0 1,0 53,402493 0,0 
50 49,5 0,5 54,408043 2,0 0,033 0,0 1,0 53,408043 0,0 
50 49,5 0,5 54,413593 2,0 0,033 0,0 1,0 53,413593 0,0 
50 49,5 0,5 54,419144 2,0 0,033 0,0 1,0 53,419144 0,0 
50 49,5 0,5 54,424694 2,0 0,033 0,0 1,0 53,424694 0,0 
50 49,5 0,5 54,430244 2,0 0,033 0,0 1,0 53,430244 0,0 
50 49,5 0,5 54,435795 2,0 0,033 0,0 1,0 53,435795 0,0 
50 49,5 0,5 54,441345 2,0 0,033 0,0 1,0 53,441345 0,0 
50 49,5 0,5 54,446896 2,0 0,033 0,0 1,0 53,446896 0,0 
50 49,5 0,5 54,452446 2,0 0,033 0,0 1,0 53,452446 0,0 
50 49,5 0,5 54,457993 2,0 0,033 0,0 1,0 53,457993 0,0 
50 49,5 0,5 54,463543 2,0 0,033 0,0 1,0 53,463543 0,0 
50 49,5 0,5 54,469093 2,0 0,033 0,0 1,0 53,469093 0,0 
50 49,5 0,5 54,474644 2,0 0,033 0,0 1,0 53,474644 0,0 
50 49,5 0,5 54,480194 2,0 0,033 0,0 1,0 53,480194 0,0 
50 49,5 0,5 54,485744 2,0 0,033 0,0 1,0 53,485744 0,0 
50 49,5 0,5 54,491295 2,0 0,033 0,0 1,0 53,491295 0,0 
50 49,5 0,5 54,496845 2,0 0,033 0,0 1,0 53,496845 0,0 
50 49,5 0,5 54,502396 2,0 0,033 0,0 1,0 53,502396 0,0 
50 49,5 0,5 54,507946 2,0 0,033 0,0 1,0 53,507946 0,0 
50 49,5 0,5 54,513496 2,0 0,033 0,0 1,0 53,513496 0,0 
50 49,5 0,5 54,519047 2,0 0,033 0,0 1,0 53,519047 0,0 
50 49,5 0,5 54,524597 2,0 0,033 0,0 1,0 53,524597 0,0 
50 49,5 0,5 54,530148 2,0 0,033 0,0 1,0 53,530148 0,0 
50 49,5 0,5 54,535698 2,0 0,033 0,0 1,0 53,535698 0,0 
50 49,5 0,5 54,541245 2,0 0,033 0,0 1,0 53,541245 0,0 
50 49,5 0,5 54,546795 2,0 0,033 0,0 1,0 53,546795 0,0 
50 49,5 0,5 54,552345 2,0 0,033 0,0 1,0 53,552345 0,0 
50 49,5 0,5 54,557896 2,0 0,033 0,0 1,0 53,557896 0,0 
50 49,5 0,5 54,563446 2,0 0,033 0,0 1,0 53,563446 0,0 
50 49,5 0,5 54,568996 2,0 0,033 0,0 1,0 53,568996 0,0 
50 49,5 0,5 54,574547 2,0 0,033 0,0 1,0 53,574547 0,0 
50 49,5 0,5 54,580097 2,0 0,033 0,0 1,0 53,580097 0,0 
50 49,5 0,5 54,585648 2,0 0,033 0,0 1,0 53,585648 0,0 
50 49,5 0,5 54,591198 2,0 0,033 0,0 1,0 53,591198 0,0 
50 49,0 1,0 55,602299 2,0 0,033 0,0 2,0 53,602299 0,0 
50 50,5 -0,5 52,596748 2,0 0,033 0,0 -1,0 53,596748 -0,0 
50 49,5 0,5 54,602299 2,0 0,033 0,0 1,0 53,602299 0,0 
50 49,5 0,5 54,607849 2,0 0,033 0,0 1,0 53,607849 0,0 
50 49,5 0,5 54,613400 2,0 0,033 0,0 1,0 53,613400 0,0 
50 49,5 0,5 54,618950 2,0 0,033 0,0 1,0 53,618950 0,0 
50 49,0 1,0 55,630047 2,0 0,033 0,0 2,0 53,630047 0,0 
50 50,5 -0,5 52,624496 2,0 0,033 0,0 -1,0 53,624496 -0,0 
50 49,5 0,5 54,630047 2,0 0,033 0,0 1,0 53,630047 0,0 
50 49,5 0,5 54,635597 2,0 0,033 0,0 1,0 53,635597 0,0 
50 49,5 0,5 54,641148 2,0 0,033 0,0 1,0 53,641148 0,0 
50 49,0 1,0 55,652248 2,0 0,033 0,0 2,0 53,652248 0,0 
50 50,0 0,0 53,652248 2,0 0,033 0,0 0,0 53,652248 -0,0 
50 50,5 -0,5 52,646698 2,0 0,033 0,0 -1,0 53,646698 -0,0 
50 49,0 1,0 55,657799 2,0 0,033 0,0 2,0 53,657799 0,0 
50 50,5 -0,5 52,652248 2,0 0,033 0,0 -1,0 53,652248 -0,0 
50 49,5 0,5 54,657799 2,0 0,033 0,0 1,0 53,657799 0,0 
50 49,5 0,5 54,663349 2,0 0,033 0,0 1,0 53,663349 0,0 
50 49,5 0,5 54,668900 2,0 0,033 0,0 1,0 53,668900 0,0 
50 49,0 1,0 55,680000 2,0 0,033 0,0 2,0 53,680000 0,0 
50 50,5 -0,5 52,674450 2,0 0,033 0,0 -1,0 53,674450 -0,0 
50 49,0 1,0 55,685551 2,0 0,033 0,0 2,0 53,685551 0,0 
50 50,5 -0,5 52,680000 2,0 0,033 0,0 -1,0 53,680000 -0,0 
50 49,0 1,0 55,691101 2,0 0,033 0,0 2,0 53,691101 0,0 
50 50,5 -0,5 52,685551 2,0 0,033 0,0 -1,0 53,685551 -0,0 
50 49,5 0,5 54,691101 2,0 0,033 0,0 1,0 53,691101 0,0 
50 49,0 1,0 55,702202 2,0 0,033 0,0 2,0 53,702202 0,0 
50 50,0 0,0 53,702202 2,0 0,033 0,0 0,0 53,702202 -0,0 
50 50,0 0,0 53,702202 2,0 0,033 0,0 0,0 53,702202 0,0 
50 50,0 0,0 53,702202 2,0 0,033 0,0 0,0 53,702202 0,0 
50 50,0 0,0 53,702202 2,0 0,033 0,0 0,0 53,702202 0,0 
50 50,0 0,0 53,702202 2,0 0,033 0,0 0,0 53,702202 0,0 
50 50,0 0,0 53,702202 2,0 0,033 0,0 0,0 53,702202 0,0 
50 50,5 -0,5 52,696651 2,0 0,033 0,0 -1,0 53,696651 -0,0 
50 49,0 1,0 55,707748 2,0 0,033 0,0 2,0 53,707748 0,0 
50 50,0 0,0 53,707748 2,0 0,033 0,0 0,0 53,707748 -0,0 
50 50,0 0,0 53,707748 2,0 0,033 0,0 0,0 53,707748 0,0 
50 50,0 0,0 53,707748 2,0 0,033 0,0 0,0 53,707748 0,0 
50 50,0 0,0 53,707748 2,0 0,033 0,0 0,0 53,707748 0,0 
50 50,0 0,0 53,707748 2,0 0,033 0,0 0,0 53,707748 0,0 
50 50,0 0,0 53,707748 2,0 0,033 0,0 0,0 53,707748 0,0 
50 50,0 0,0 53,707748 2,0 0,033 0,0 0,0 53,707748 0,0 
50 50,0 0,0 53,707748 2,0 0,033 0,0 0,0 53,707748 0,0 
50 50,0 0,0 53,707748 2,0 0,033 0,0 0,0 53,707748 0,0 
50 50,0 0,0 53,707748 2,0 0,033 0,0 0,0 53,707748 0,0 
50 50,0 0,0 53,707748 2,0 0,033 0,0 0,0 53,707748 0,0 
50 50,0 0,0 53,707748 2,0 0,033 0,0 0,0 53,707748 0,0 
50 50,0 0,0 53,707748 2,0 0,033 0,0 0,0 53,707748 0,0 
50 50,5 -0,5 52,702202 2,0 0,033 0,0 -1,0 53,702202 -0,0 
50 49,0 1,0 55,713299 2,0 0,033 0,0 2,0 53,713299 0,0 
50 50,0 0,0 53,713299 2,0 0,033 0,0 0,0 53,713299 -0,0 
50 50,0 0,0 53,713299 2,0 0,033 0,0 0,0 53,713299 0,0 
50 50,0 0,0 53,713299 2,0 0,033 0,0 0,0 53,713299 0,0 
50 50,0 0,0 53,713299 2,0 0,033 0,0 0,0 53,713299 0,0 
50 50,0 0,0 53,713299 2,0 0,033 0,0 0,0 53,713299 0,0 
50 50,0 0,0 53,713299 2,0 0,033 0,0 0,0 53,713299 0,0 
50 50,0 0,0 53,713299 2,0 0,033 0,0 0,0 53,713299 0,0 
50 50,0 0,0 53,713299 2,0 0,033 0,0 0,0 53,713299 0,0 
50 50,0 0,0 53,713299 2,0 0,033 0,0 0,0 53,713299 0,0 
50 50,0 0,0 53,713299 2,0 0,033 0,0 0,0 53,713299 0,0 
50 50,0 0,0 53,713299 2,0 0,033 0,0 0,0 53,713299 0,0 
50 50,0 0,0 53,713299 2,0 0,033 0,0 0,0 53,713299 0,0 
50 50,0 0,0 53,713299 2,0 0,033 0,0 0,0 53,713299 0,0 